Earnings Date,eps_est,eps_reported,eps_surprise_pct,eps_revision
2021-10-31 20:00:00,,,,
2022-02-06 19:00:00,,,,
2023-02-05 19:00:00,,,,
2023-04-30 20:00:00,,,,
2023-07-30 20:00:00,,,,
2023-10-29 20:00:00,,,,
2024-02-04 19:00:00,,,,
2024-05-05 20:00:00,,,,
2024-07-28 20:00:00,,,,
2024-11-03 19:00:00,,,,
2025-02-09 19:00:00,,,,
2025-05-04 20:00:00,,,,
