Date,Close,High,Low,Open,Volume
2019-01-02,126.32948303222656,127.10883228574917,123.17410470635765,123.55426587740048,8788000
2019-01-03,121.7769775390625,124.77078633764327,121.5393659546626,124.70426466547492,9428300
2019-01-04,127.02325439453125,127.91664889284083,123.6777962548481,123.97242326977663,11065800
2019-01-07,129.3137664794922,130.3687301888461,127.39391960705564,127.78359415335214,12928000
2019-01-08,130.01702880859375,131.33810765842003,129.2186821300391,131.1290147899114,9243000
2019-01-09,131.5472412109375,132.56418002027735,130.79640354120346,131.44269474434978,9987600
2019-01-10,131.79429626464844,131.93686748635156,129.59883577118967,130.02652043188004,12514900
2019-01-11,131.21458435058594,131.72781771304213,130.59681902778547,130.9199573657976,5860100
2019-01-14,130.3022003173828,131.28112884613333,129.87450098743838,130.19765384818544,8666700
2019-01-15,130.53024291992188,130.8914059531743,128.54387524145307,130.16909438887924,7594900
2019-01-16,130.53024291992188,131.98437949815118,130.27364081944128,131.53768243140522,7258000
2019-01-17,130.4732666015625,131.0720340532408,129.81747644062244,130.1786396022335,5864900
2019-01-18,131.63275146484375,131.72779896353717,129.8649753055162,131.45216991865354,10263500
2019-01-22,131.205078125,132.60219236435202,130.18812490902792,131.06250686457244,8102300
2019-01-23,130.21665954589844,132.08898265038923,129.39930014748006,131.88940315320085,5465800
2019-01-24,130.87246704101562,131.46173566333505,129.75098152182665,130.31172428142114,4924800
2019-01-25,131.79429626464844,132.96330487112465,130.87239080603104,132.1079355497439,9756300
2019-01-28,129.24722290039062,130.6918464088886,128.12572321377354,130.6918464088886,9857200
2019-01-29,128.3063201904297,129.912527556131,127.46044947444805,129.81748003658527,7457700
2019-01-30,130.77740478515625,131.06251832651878,128.7910219329707,129.3517790694847,8078100
2019-01-31,128.31581115722656,129.00011264917305,126.69060599051451,127.7265571789116,20095700
2019-02-01,133.20095825195312,133.39105328441048,128.55341895178213,128.67697782243644,13248300
2019-02-04,134.48403930664062,134.50305171203948,132.2790643512913,132.85881944711883,11882700
2019-02-05,135.4629364013672,135.8621098086204,134.7976473892785,134.95921654205625,8455700
2019-02-06,134.47454833984375,135.3584294634549,134.0563624095351,134.92124562883552,6146900
2019-02-07,133.219970703125,134.06584138988822,132.3075783567499,132.9823664146835,10675300
2019-02-08,133.41954040527344,133.4385383032966,131.65176424089879,131.81333338736914,5950700
2019-02-11,133.81875610351562,135.23486857119187,133.48610425418374,134.25593993165924,7600100
2019-02-12,134.94973754882812,135.7195731268166,134.24642363077922,134.75964251536658,6090000
2019-02-13,136.37538146972656,137.52537826353984,135.78611289141418,135.8051252977383,6885600
2019-02-14,136.29920959472656,136.60386637370786,135.5756225055319,136.12782835293348,6314000
2019-02-15,137.96530151367188,137.96530151367188,136.9275424245442,137.62255365985172,6536000
2019-02-19,137.51785278320312,137.93676852634084,137.11798262680605,137.49880719646245,8406700
2019-02-20,137.7939453125,137.89867424592484,136.6419415723527,137.43216633773534,5283100
2019-02-21,137.0989227294922,138.079559695147,136.3182135574041,137.4321550888029,8573400
2019-02-22,138.8793182373047,139.2696728748215,137.49881097495597,137.49881097495597,9680800
2019-02-25,139.06019592285156,140.14556180759936,138.82217696104263,139.8694662040118,9731200
2019-02-26,139.99325561523438,140.33600357339373,138.07007245933852,138.2414391746544,7332500
2019-02-27,140.16461181640625,140.42167637098078,138.92691027042807,139.47911602255755,9731200
2019-02-28,141.02151489257812,141.68797982056265,140.1741676989572,140.2027288212961,6250200
2019-03-01,142.30679321289062,142.7447400138734,141.26903391542484,142.29727768331313,7016800
2019-03-04,140.86912536621094,142.99225008542177,139.9075196225043,142.8780056515248,6979700
2019-03-05,140.85958862304688,142.13536649939044,140.74534419457476,140.90719531075075,9678600
2019-03-06,140.72633361816406,141.4023138856504,140.35502460574907,140.907230359922,8186400
2019-03-07,139.79331970214844,140.72635010695794,139.0411715327657,140.20270540565224,8761700
2019-03-08,140.28842163085938,140.41218164733218,137.57499888678672,138.46995276104306,5168100
2019-03-11,143.4492645263672,143.73489018279062,140.92626937092956,141.01195270959929,9361500
2019-03-12,144.45851135253906,145.80094222161856,143.63972527574546,143.76349982506648,9465100
2019-03-13,145.1630096435547,146.6577612111393,144.75360946349906,145.00115848830825,8308900
2019-03-14,146.8101043701172,147.27662680213444,145.00116592805557,145.24870043804037,9364900
2019-03-15,148.00970458984375,149.30452820933988,146.01033967543012,146.35308753140035,20162000
2019-03-18,147.5337371826172,148.91424479367174,147.01960788930876,148.44772221678522,9689400
2019-03-19,147.18136596679688,148.47618938544625,146.75293484517104,148.47618938544625,9236100
2019-03-20,146.3816680908203,147.44798843883643,145.39151555730894,146.94338937932702,6391400
2019-03-21,148.33343505859375,149.171252011036,145.96276072687957,145.97229078394122,7027100
2019-03-22,145.73426818847656,148.21917239565383,145.52481032367206,147.5622522133404,8119800
2019-03-25,145.69619750976562,146.67683468404726,144.27759895814597,145.058308296327,7568000
2019-03-26,147.85736083984375,148.14298645867922,146.40068616405753,146.40068616405753,15594400
2019-03-27,146.82919311523438,148.3905975062702,146.01040699996375,148.01928836838758,12253800
2019-03-28,147.2576141357422,147.64796883790746,146.24841575650817,147.5051487010639,16902200
2019-03-29,148.7047576904297,148.79995657706715,147.50513259307345,148.26679632380987,12164400
2019-04-01,149.7234649658203,150.17094184334735,149.04749914829767,149.9805295508421,6420100
2019-04-02,150.21852111816406,150.57078452135116,149.23788418967783,150.1042766690275,6215100
2019-04-03,150.86599731445312,151.4848410181423,150.28523026570946,150.95168068372772,8209300
2019-04-04,150.08529663085938,151.084979579962,149.02849143224182,150.93264389623522,5100200
2019-04-05,150.0947723388672,151.02781725848254,149.69490217082912,150.42800474266218,4178300
2019-04-08,150.18997192382812,150.28518532401338,148.8285103718353,149.99955965098283,5604700
2019-04-09,149.94244384765625,150.4184818139327,148.97132232874512,149.05700567606868,6364100
2019-04-10,150.9611358642578,151.17059370154487,149.97098342869288,150.41846021494038,3918600
2019-04-11,150.29470825195312,151.66569992797278,149.89483810103502,151.4848031752305,5771400
2019-04-12,151.98944091796875,151.98944091796875,150.29474647838995,151.10401704306133,6745100
2019-04-15,152.7510528564453,152.78912949862317,151.56095803492295,152.1702860024414,8142800
2019-04-16,152.55111694335938,153.37943285265527,151.903712306464,153.32229609570103,6021400
2019-04-17,152.7510528564453,153.3508652953005,152.6272783461991,153.16043850183718,4609100
2019-04-18,152.48448181152344,153.3794354947276,151.38007026512145,153.21756980519024,7859400
2019-04-22,152.71299743652344,152.78916526623456,151.44674903421932,151.57050904591281,4602600
2019-04-23,153.91261291503906,154.12207080168918,152.20838870343374,153.2842392550887,6522900
2019-04-24,153.75076293945312,154.26487760228665,152.9510080352838,153.9982974767393,7376500
2019-04-25,153.30322265625,153.85542826727928,150.9515946780397,152.8271848392442,8862500
2019-04-26,155.1217498779297,155.21696329763864,152.71299854008043,153.5317845559817,7525400
2019-04-29,156.2832794189453,156.6165118509158,155.28361117808933,155.3883401257777,10003600
2019-04-30,156.54981994628906,157.75896030413608,156.0642665085036,157.07346455224834,6432700
2019-05-01,154.9884033203125,157.79703837529135,154.95032668282312,157.60661160527573,5248100
2019-05-02,153.3984832763672,155.26455866260366,152.74154849994963,154.33152823324897,6054900
2019-05-03,154.27435302734375,154.9408176954846,153.45556727529285,154.52190202780412,4317500
2019-05-06,154.5029296875,154.85519324434958,150.61845691962904,150.6279869795636,10442400
2019-05-07,152.5321044921875,154.0268562788454,151.07541482642495,153.23663144445504,6413600
2019-05-08,153.05575561523438,153.95070951462307,151.8751904947889,152.11320953068892,5445900
2019-05-09,152.1512451171875,152.18933628806658,149.6377653575977,151.24677593039848,6813700
2019-05-10,153.0081329345703,153.66505313960153,149.73298932893871,151.24678660894625,5192500
2019-05-13,149.79010009765625,151.11348499111543,148.92370755935977,149.65681005542027,9730000
2019-05-14,152.5321044921875,153.77932174528206,150.3708878741574,150.52322352290116,9756700
2019-05-15,154.9884033203125,155.34068122282312,151.47525604288109,151.68471386787996,7547000
2019-05-16,157.21017456054688,157.9062694109785,155.29356391795653,155.85614916704287,9745500
2019-05-17,156.46641540527344,157.52484565986214,155.6177651687019,155.70358029883545,4582500
2019-05-20,155.87522888183594,157.08622909699764,154.78819355755834,155.7608087055551,4747400
2019-05-21,156.24710083007812,157.20064104885077,155.60823062948475,156.93365095158396,9095700
2019-05-22,156.60948181152344,157.93490239634093,155.85617674145,155.99921653253998,5416400
2019-05-23,154.0063018798828,156.61900776487312,153.34837123810513,155.90385247827552,6138000
2019-05-24,155.0837860107422,155.81801607878097,154.20653072484436,155.18867602046203,4105600
2019-05-28,156.10409545898438,158.0683862313502,155.7417454738358,155.80848573170107,10202300
2019-05-29,155.16958618164062,155.9038161788927,153.9776609814962,155.71311105684322,6456000
2019-05-30,155.1982421875,155.903867375656,154.41634656537252,155.23639195435865,4750600
2019-05-31,153.83462524414062,154.59746022997425,153.10039529716238,153.43414015029808,5079000
2019-06-03,151.23147583007812,155.26494664982783,149.46742070673398,154.03487169034383,8034600
2019-06-04,154.78819274902344,154.8263279576279,151.27915701275185,152.84296246319087,6684800
2019-06-05,157.7060546875,157.7155848540606,155.1314983784913,155.90386381620664,7769300
2019-06-06,159.1649169921875,159.6226121813106,157.27691160592053,158.17324165744287,13738500
2019-06-07,162.1494903564453,163.63701052430022,160.00402521822386,160.19473032053688,10528800
2019-06-10,162.8837432861328,164.02798861150993,162.5881336034441,163.85634381027558,7565900
2019-06-11,162.3974151611328,164.1805305257532,160.5952249201904,163.9612203725862,6082900
2019-06-12,163.61798095703125,163.64658600280598,161.81579032387012,162.46420531112884,6772000
2019-06-13,161.48202514648438,164.19960575864022,160.88129021490988,164.1423956794174,6901400
2019-06-14,161.7776641845703,162.71212968197696,160.99575408989327,161.88255420824964,4999900
2019-06-17,161.6822967529297,162.5023420224073,161.1769215397497,161.84439686377317,6410200
2019-06-18,161.4153289794922,162.74074964572173,159.76570804667358,162.72167476243038,6969300
2019-06-19,162.7598114013672,163.24611176202743,161.34857569896116,161.5202059851218,6323900
2019-06-20,165.6680908203125,165.85879596327095,163.7705404556822,164.49522581887214,11474100
2019-06-21,165.38204956054688,166.6883952546145,165.11505941212243,165.21994943828003,11728200
2019-06-24,165.77296447753906,166.61206993375043,164.69545942881112,166.4881196054838,5554900
2019-06-25,163.32237243652344,166.8123332345283,162.6644273377342,166.68836834638844,9899900
2019-06-26,163.11260986328125,164.3808202741458,162.8837694913106,163.42727992461195,7129900
2019-06-27,163.27471923828125,164.3903597645347,162.4070085288876,164.12336961551023,5873400
2019-06-28,165.4869384765625,165.4869384765625,162.5977122434519,163.97081274035034,8442700
2019-07-01,165.85879516601562,167.38445085221923,164.7145497638955,167.1842155455298,6103200
2019-07-02,167.13656616210938,167.17471592741035,165.2485601761371,166.01139543356066,5238100
2019-07-03,168.6526336669922,168.76706837346913,167.5560683665038,167.8230584318378,4066600
2019-07-05,168.45245361328125,168.80525891172547,166.4023329861497,167.6896183694619,5840400
2019-07-08,168.0043182373047,168.4048035375875,167.25101302615695,168.10920828379838,6720300
2019-07-09,169.47276306152344,169.6253330461602,167.15566643808555,167.27961681946266,4894300
2019-07-10,170.97927856445312,171.88513877894454,170.2831983427746,170.2831983427746,5110600
2019-07-11,172.3428497314453,172.53355484901795,171.12231951913913,171.751644952142,6986600
2019-07-12,171.95191955566406,172.92453471023472,170.60742427579729,172.92453471023472,7196700
2019-07-15,172.18077087402344,172.6575410016473,171.58003585725908,172.1712261595544,4490400
2019-07-16,170.97927856445312,172.47634355408434,170.42622354247987,171.99002877535096,6800200
2019-07-17,170.8267364501953,171.83750137544288,170.69324139212415,171.2176914595002,3994200
2019-07-18,172.1426544189453,172.22846956655087,170.28325347146273,170.3309334034233,4736300
2019-07-19,170.91256713867188,173.39176316740782,170.81720728954465,173.39176316740782,5327100
2019-07-22,172.18077087402344,172.5717113207741,170.81720074308694,171.29397087071084,4862100
2019-07-23,172.4954376220703,172.8482574334701,170.7409269297755,172.48590745684837,7193000
2019-07-24,174.81256103515625,174.9079063440099,170.9221145070857,172.39056030230208,8169300
2019-07-25,173.1533660888672,175.44187136041546,172.87684582536306,175.3274366394231,6085800
2019-07-26,175.15579223632812,175.27975711161238,173.74455689026635,173.93526201002584,5056300
2019-07-29,174.6981201171875,175.5181653353654,174.240410309458,175.3465205199994,4621800
2019-07-30,173.09617614746094,174.86023159020542,172.84826089788635,174.05924664952045,5236600
2019-07-31,169.7301788330078,173.59202008159818,167.8803082638148,173.34409028374503,7981200
2019-08-01,170.84580993652344,173.9257409618203,169.89226965811463,170.8648848160552,8417300
2019-08-02,169.1771240234375,169.98763912590192,166.57396299002605,169.7301791621977,8264600
2019-08-05,161.0148162841797,165.43924271188604,159.22215585704916,164.0184624212485,16858300
2019-08-06,164.4665985107422,164.91476353845385,162.22578792205167,163.80865348921367,10281300
2019-08-07,167.17471313476562,167.56565364839966,162.42607137531266,163.5321817526057,8292800
2019-08-08,171.54188537597656,171.58956529851187,168.3666091432724,169.2152593848706,7602800
2019-08-09,170.73138427734375,171.7326044475005,169.58713888996584,171.32257457501728,5373700
2019-08-12,168.1472930908203,170.34996885689938,167.4416825803983,169.1961932412724,7394400
2019-08-13,170.31182861328125,170.60742376970776,166.11625723521308,166.28788750028528,6667700
2019-08-14,165.44879150390625,169.01503787963065,165.11506108992043,168.0519673023043,7293500
2019-08-15,168.32310485839844,169.03929210287518,165.69708496198368,166.403713717846,6698000
2019-08-16,170.19473266601562,170.69129323527002,169.2111700161195,169.97510599092624,8312200
2019-08-19,171.63662719726562,172.28596315933876,170.0896531878108,172.28596315933876,5285000
2019-08-20,171.1591796875,172.4865125819828,170.44299255945106,171.34060152041295,3793600
2019-08-21,172.78253173828125,173.49871885586282,172.1140933427113,172.5438026990874,3695900
2019-08-22,171.97084045410156,174.1098578071725,170.55756867716264,173.7469850191065,6659900
2019-08-23,167.3299560546875,172.3623683403674,166.38459837363095,171.45520089485413,7051900
2019-08-26,169.58352661132812,169.65992163878116,167.4445241260896,168.4567327408345,7754400
2019-08-27,170.3379669189453,171.11144675728713,168.96288517484177,170.28067427475196,4022100
2019-08-28,170.6148681640625,170.92044832857053,168.0938900903281,169.01061601298798,4401900
2019-08-29,173.00216674804688,173.2122494783749,171.22602202764213,172.26687719189877,4679200
2019-08-30,172.6679229736328,173.96659478215568,171.5697608002087,173.78517297657362,4061200
2019-09-03,171.12095642089844,173.07853727389298,171.02547355664436,172.3814526243004,4644000
2019-09-04,173.57513427734375,173.98574127895404,171.93267712917074,172.74434721521408,4154800
2019-09-05,176.4016571044922,177.30882453690688,175.11252903870206,175.4467409501895,6386800
2019-09-06,177.3661346435547,178.2924044940311,176.22978207003015,176.41121847365028,7990900
2019-09-09,173.3650360107422,178.61707501945125,171.41699883691865,178.49293125293238,7290500
2019-09-10,168.39950561523438,171.59846667303196,165.97400990545685,171.32154734030544,15255200
2019-09-11,167.0912322998047,169.9082321706355,166.58512788037152,169.4021277512023,9113600
2019-09-12,169.9560089111328,171.32154687666284,168.71461473452388,168.8769633373594,7748800
2019-09-13,169.27801513671875,170.71038957449903,168.08436977190183,170.59578971128755,6103200
2019-09-16,168.1702880859375,169.2111432192087,167.59733255285113,168.22758072507324,4253600
2019-09-17,168.49493408203125,170.2233298009235,167.14849895473438,168.85780684365065,5924700
2019-09-18,167.38722229003906,169.19201298021105,165.03813704676105,169.1060740356462,9542500
2019-09-19,168.02706909179688,169.4116947346077,167.6928425772821,168.2562396655299,6964500
2019-09-20,166.2127227783203,169.62178083887324,166.10768140632067,169.40213960686842,12820400
2019-09-23,167.0244140625,167.34908210852714,164.99998159185674,165.10502296802628,8803500
2019-09-24,166.61378479003906,169.21115818018149,165.58247348181789,168.170302954882,10039900
2019-09-25,167.3777313232422,167.750148105028,164.61802374260722,165.96445925016616,7797300
2019-09-26,167.7310028076172,168.49493858207313,166.73789650042855,167.7310028076172,10419000
2019-09-27,166.1553955078125,168.85780972348334,164.58933374218256,168.73366597220942,9212600
2019-09-30,164.255126953125,167.54004094519996,164.255126953125,166.31774939989737,16464000
2019-10-01,166.43235778808594,166.93847683919296,165.0286442131184,165.21962456155254,8146200
2019-10-02,162.1734161376953,165.14320603190237,160.98931483234426,164.8567282645424,10596200
2019-10-03,165.0763702392578,165.33420171091794,161.0275345968084,162.24982625160814,7242800
2019-10-04,168.04620361328125,168.56186668917627,166.57563859675955,166.8048092341621,6027600
2019-10-07,167.01483154296875,167.76922347351234,165.96443250327783,166.78566098856712,5248300
2019-10-08,164.6466827392578,166.76659829747354,164.13103429819864,165.74484533377318,5336500
2019-10-09,166.99575805664062,168.05571567439807,165.81165666400804,166.26046846608605,6277300
2019-10-10,166.99575805664062,167.96976213824917,165.76390793745102,166.0503857259276,4762400
2019-10-11,169.07742309570312,171.12094273434087,168.87689889720383,168.89598672601025,8754400
2019-10-14,169.3639678955078,170.3666329977638,169.12523880310724,169.38307030274277,7240900
2019-10-15,170.69126892089844,171.3406049359251,169.54537240735067,170.09922554591944,4400200
2019-10-16,169.85092163085938,170.22333832611827,168.3230646170966,169.89867034991582,6509000
2019-10-17,169.91778564453125,171.1114308571956,169.4976201983351,170.82495309198325,4887900
2019-10-18,167.78834533691406,170.16607753978857,166.6806389592856,169.87959974269623,6311900
2019-10-21,168.47584533691406,168.76232308926217,166.73790556216605,168.06523839621065,4898200
2019-10-22,163.156982421875,169.77454469008947,163.08058737741473,169.02016730369982,10094700
2019-10-23,163.59625244140625,164.40792247912466,162.50763397164553,163.2811283429279,7122300
2019-10-24,168.21804809570312,168.89603046545236,165.5824699517048,165.60157235631993,7872600
2019-10-25,169.83184814453125,171.07322751967004,165.67795694044517,167.04348008144368,10130100
2019-10-28,171.7321319580078,172.05679998043243,170.30931609526127,170.8631546884019,10086500
2019-10-29,169.6217498779297,171.8848963505355,169.37346236895982,171.6939160465409,7572800
2019-10-30,171.16873168945312,171.33106569764223,168.437670729314,169.774547603145,5374800
2019-10-31,170.79627990722656,171.5984058669595,169.98459546194258,171.16869657216415,6830800
2019-11-01,172.77297973632812,173.14541103947923,171.46474921511842,172.00905843892565,7000200
2019-11-04,170.8822479248047,174.1767058398828,170.74856024210445,173.87114023836708,7154800
2019-11-05,168.41859436035156,171.4647798911203,167.28224155649815,170.99688019838115,7447500
2019-11-06,168.80052185058594,170.15650095423177,168.19892004928002,168.4185466708428,6992500
2019-11-07,170.38572692871094,172.50564251072547,168.87697183313546,169.35443003501499,7227200
2019-11-08,170.90135192871094,171.35970762070912,169.78410173335396,170.33795487283143,3894100
2019-11-11,171.44569396972656,172.22873245707288,170.16610941666033,170.45258726741798,3617300
2019-11-12,171.63662719726562,172.89710888811612,170.81539875820258,171.82760750547163,6118700
2019-11-13,171.321533203125,172.72526129966766,169.8796002957171,171.31197471497566,6138300
2019-11-14,171.93365478515625,171.95278918112578,170.31714131452028,171.216268186609,9811000
2019-11-15,171.95281982421875,172.82323795983336,171.29282170069655,172.20150863507,7808800
2019-11-18,171.8475799560547,172.47888369524944,171.197141819993,171.76149706305588,7173700
2019-11-19,174.8223419189453,175.02320200047706,172.36409007966108,172.5458303597972,8549900
2019-11-20,173.76065063476562,175.25281283505976,172.50761736644867,174.3823800197976,6040500
2019-11-21,172.0675811767578,173.90408927568015,171.52237490447365,173.2919199093727,5112200
2019-11-22,171.66586303710938,172.62237867687918,170.59457019105372,172.29716686222235,6865600
2019-11-25,173.10061645507812,173.4640970265932,172.27801251630683,172.55539559780553,5457800
2019-11-26,174.6118927001953,174.9657987348264,173.33016554128602,173.56929439609448,7079000
2019-11-27,176.35275268554688,176.515358564155,174.3345044582951,175.04233116100212,11452700
2019-11-29,176.48667907714844,176.8119054569232,175.38669203150363,175.9318983060845,3139100
2019-12-02,173.8849334716797,176.35274503072208,172.04842559884358,176.22840794969392,6883200
2019-12-03,173.9901885986328,174.2197576058978,171.84760291190767,172.0771573239023,4543300
2019-12-04,172.74671936035156,174.7171391173334,172.62236766462786,174.7171391173334,10650400
2019-12-05,173.98062133789062,174.11453293764703,172.23977054105728,173.36845193967991,4638600
2019-12-06,174.24847412109375,175.3102071977328,173.45456428943825,174.79369510962806,14526700
2019-12-09,174.96585083007812,175.29106266658383,173.4163000600333,173.9902007252896,10233100
2019-12-10,174.33456420898438,175.18586268597846,173.99021793765684,174.61196196394778,8625700
2019-12-11,174.09539794921875,175.11887664017297,173.3110627519512,175.10931673853338,7138800
2019-12-12,174.69798278808594,175.35798078981261,172.96669214313204,173.7606017252621,11192100
2019-12-13,177.08929443359375,177.45277502558056,174.1240902885077,174.56409387855854,8558100
2019-12-16,178.14146423339844,178.6962450130088,177.6919007498395,178.22754713145798,8249900
2019-12-17,177.4528045654297,178.6580091462074,176.09455396304693,178.3901859060346,10208700
2019-12-18,176.8597412109375,178.3327835133077,176.8597412109375,177.45279085000186,8968500
2019-12-19,178.42840576171875,178.46667455738825,176.4771204453793,176.4771204453793,5854200
2019-12-20,179.8249053955078,179.98751127129506,178.1988320423679,179.44230505192226,11259500
2019-12-23,178.94496154785156,180.21712919905556,178.86843853928988,179.9684257724122,5831700
2019-12-24,179.4136505126953,179.84407964342594,178.78234667014596,178.96408698196507,2420900
2019-12-26,180.9345245361328,180.95364434272327,179.53800510560356,179.7197454351182,5237000
2019-12-27,181.15444946289062,181.63270715877397,180.2744570538972,181.4892356881156,5448600
2019-12-30,179.6623992919922,181.2406448298172,178.983266520426,181.07803886372966,4833600
2019-12-31,179.72927856445312,179.82493596424425,178.42841674175205,178.9258089491798,5273000
2020-01-02,182.8092803955078,182.82841479665288,180.51364849733358,180.78147173227816,8733000
2020-01-03,181.3553466796875,182.6562083581425,179.74839303205798,180.21709088663084,4899700
2020-01-06,180.9632110595703,180.98234546061016,179.02148531926676,179.82495501968103,10109500
2020-01-07,180.48492431640625,181.83361476608013,180.39884141841068,181.3457824869002,4392300
2020-01-08,183.574462890625,184.12924366192178,180.5901390404607,181.25013710623222,5712000
2020-01-09,184.8466033935547,185.4874669682478,184.1483512293767,184.60747454052293,6748000
2020-01-10,185.34405517578125,186.10927067093758,184.7127512976319,185.08579184467078,6586400
2020-01-13,186.836181640625,187.0944449223552,185.83183740746867,185.98488339629168,11290500
2020-01-14,187.52490234375,188.3857606192974,186.65446957041073,188.18490049946283,6236500
2020-01-15,191.11181640625,191.44658810314496,187.78314626401936,188.4335698547429,10831100
2020-01-16,192.2118377685547,192.73792435209376,191.09271608826552,192.25966647528955,9983700
2020-01-17,195.79873657226562,195.84656527038433,191.28398186092627,192.98657842801185,12518900
2020-01-21,198.2760772705078,199.328250082717,194.9378477572815,195.25349960094425,14861700
2020-01-22,198.859619140625,200.99265977766044,198.2761439476894,198.48657858089715,8065000
2020-01-23,197.53958129882812,199.33782047901806,196.37263124393752,198.85956273833398,8520800
2020-01-24,196.08567810058594,198.94566470864228,195.3300372751895,198.40044386624356,7812900
2020-01-27,192.9196319580078,194.48831694403853,190.4422600792326,191.3031182733548,7198900
2020-01-28,194.02919006347656,194.9761311409568,193.00571139335906,193.58918647742854,7215700
2020-01-29,195.9517822265625,196.9656864057259,193.7039647763271,195.41613583721352,7041700
2020-01-30,199.15611267089844,199.43349576347111,194.47875213104794,195.1291757110221,8571900
2020-01-31,190.3179168701172,195.11005494229875,189.63878434803857,192.72834035454272,16699600
2020-02-03,192.07789611816406,193.4648408250124,191.15964931160744,191.24573221310902,10885900
2020-02-04,194.7082977294922,196.00915942593824,193.43613033114457,194.6509091332954,10205900
2020-02-05,193.99095153808594,196.65963857986955,191.25531598520195,196.56398116941568,8672400
2020-02-06,194.21090698242188,195.73177776903856,193.67526062033215,194.22048147870336,7001200
2020-02-07,193.92398071289062,194.96657922862042,192.3457211936359,193.1970195057418,5691100
2020-02-10,197.0326385498047,197.16655013969833,193.08222475503865,193.18744204676,6239500
2020-02-11,195.07177734375,198.63957614410887,194.78481976890265,198.47697025725805,10231900
2020-02-12,198.41964721679688,199.09876528653047,196.0857462433397,196.0857462433397,7355800
2020-02-13,198.6686248779297,199.69358577459178,197.37546753650045,197.92146340517326,9495300
2020-02-14,201.43698120117188,201.90635792125508,199.25296823856266,199.52117933106496,6548800
2020-02-18,202.3086700439453,202.5960432413281,200.54613587072936,201.1591918708222,7651500
2020-02-19,204.32981872558594,205.15361400395193,202.80675995096712,203.57308351955976,5927500
2020-02-20,202.5481414794922,204.6938447478412,199.51159739398705,203.19952168912275,8531900
2020-02-21,200.01930236816406,201.36994626514766,198.6878205834778,201.06341093402696,9231500
2020-02-24,190.42111206054688,195.19146903080636,185.84234696198564,189.55900710353535,13316800
2020-02-25,180.4685516357422,191.47483994155476,179.81718593883787,190.42114294196244,18539000
2020-02-26,179.32864379882812,185.36340810813667,179.1562140267975,182.00118102582974,14214700
2020-02-27,172.43170166015625,178.49521491246745,172.4221279149556,174.45287274426,17536600
2020-02-28,174.10806274414062,174.65407327433994,165.69769399106607,166.47359138332163,22659000
2020-03-02,184.23309326171875,184.33846295190128,175.39167149970635,178.4761137580585,17434500
2020-03-03,177.91091918945312,185.87107284325688,176.7327052470666,185.06643964437862,15226400
2020-03-04,186.11053466796875,186.30212651560387,178.3323850720939,182.345991647713,10789100
2020-03-05,179.08914184570312,183.8403216775023,177.82470576079126,183.18895614266145,10106900
2020-03-06,176.59857177734375,178.1599545791543,172.40296207826756,175.81308619573943,15183200
2020-03-09,163.92556762695312,172.01025267051293,161.22428037080374,164.00220144447576,20486400
2020-03-10,174.91268920898438,174.92226295492938,164.64399162321428,171.91445507431726,16119400
2020-03-11,165.6689453125,171.20561093013637,163.0347180349724,170.1710762817204,14598200
2020-03-12,153.3407745361328,164.75895126519362,150.3808643265738,151.8272893926348,27467700
2020-03-13,168.427734375,168.897111126325,155.38112744843798,161.61705768879366,19948900
2020-03-16,145.61053466796875,158.35062167168863,141.75019457080302,144.77716542416883,23692000
2020-03-17,151.2429656982422,156.8083673377261,142.96670287999618,149.19305844930926,22298000
2020-03-18,142.22911071777344,144.33648961415003,133.91453855427102,142.20996322504388,22787500
2020-03-19,145.84039306640625,150.62989694379235,135.5142238760743,140.73478017914397,19362800
2020-03-20,140.6486053466797,151.5974067423314,139.5374366806161,148.30223958567453,18692100
2020-03-23,130.02545166015625,137.31507687344578,128.2916390436338,135.38011328678667,30344100
2020-03-24,148.0244598388672,148.71414981893457,137.53544543192507,138.74239558883735,24488300
2020-03-25,154.96922302246094,161.09978359218692,147.1144377248716,152.61279474138883,20619600
2020-03-26,161.7703094482422,162.3929391896773,154.97878092606823,155.25658037359432,17062900
2020-03-27,154.7584686279297,160.06524785269917,151.4920230180114,154.2986802838815,14950700
2020-03-30,158.5996551513672,158.8870137212155,153.92509419640226,154.2603507333611,15714500
2020-03-31,154.3369903564453,161.10935682420936,153.78140607318426,159.4234418635805,20613100
2020-04-01,146.66419982910156,151.4153944795908,145.04534505286222,149.739067990937,12595200
2020-04-02,150.76402282714844,151.6836141270084,144.9208214610986,146.10862384499944,14051100
2020-04-03,145.45726013183594,151.08013383887612,144.25988398526636,149.01106434966596,11994700
2020-04-06,162.3067169189453,163.54240254278199,151.58780442832673,153.28329296855492,16479100
2020-04-07,161.4924774169922,171.27265011099894,161.02311542293438,170.27642518601786,15379000
2020-04-08,167.57516479492188,168.59053728311568,160.86027097249797,163.8106071289212,11146500
2020-04-09,166.3778076171875,169.73046072603066,165.57317437900298,168.84919366281795,12231800
2020-04-13,161.8756866455078,165.0654985598851,159.15523684167414,165.00801222515764,14043700
2020-04-14,167.2686767578125,168.04457427007682,163.63823820770838,165.80308931988876,9980500
2020-04-15,158.9732208251953,162.23007764999662,158.0057316771433,161.5978596235003,12118700
2020-04-16,155.582275390625,160.9273646120663,153.07257950071153,160.07483332467064,20308200
2020-04-17,162.4025115966797,163.79147959003268,158.00574998872713,162.50788127997387,15375800
2020-04-20,157.30650329589844,160.3813573188833,156.32944018388406,160.28557598878572,10505200
2020-04-21,153.77183532714844,155.7259614121239,152.44992736474788,155.17995086542513,10562100
2020-04-22,159.57672119140625,160.63999186680198,156.06122633905687,157.7279793107718,14502500
2020-04-23,159.3755645751953,163.23590423043316,159.21272316783094,160.8124159987253,11411300
2020-04-24,160.27598571777344,161.6457769898711,157.1053214587377,161.34883004928534,8391400
2020-04-27,164.52903747558594,165.0942100606216,161.4541840679268,161.54996537885702,9903300
2020-04-28,164.04055786132812,167.6422606143611,163.2071886095905,167.63268686559078,8614400
2020-04-29,174.1367950439453,174.57743588122972,168.6863512988788,169.40477696094146,12862800
2020-04-30,171.19602966308594,174.17510169254766,170.18065716843313,174.12720372996088,11331600
2020-05-01,168.1786651611328,172.07731415712192,166.93339108908538,167.10580623226966,10109600
2020-05-04,168.73423767089844,169.49098756700815,164.49074370021526,165.66895771449862,9386200
2020-05-05,170.92782592773438,173.47584563577863,170.7553961783235,171.55045561879177,13513000
2020-05-06,171.25352478027344,172.91068927416975,170.39141980149475,172.1539539809225,8540500
2020-05-07,175.0276336669922,177.19248419232744,174.06015913017544,174.09846873058936,9262200
2020-05-08,177.2978515625,177.9300695841685,175.88973624896826,177.24037985442212,6470100
2020-05-11,175.83230590820312,176.84767863354384,173.7919720929823,176.12925288073757,8683100
2020-05-12,171.91448974609375,176.2442062606365,171.81869380169945,175.83230123943176,8219700
2020-05-13,169.91871643066406,173.7567359674979,167.9517284898602,171.2716218312098,13377100
2020-05-14,173.57440185546875,173.71833635120086,166.7811211706227,168.81526653722176,9695100
2020-05-15,176.05960083007812,176.68327330558682,171.6266771924168,172.69172846784946,10785900
2020-05-18,183.63003540039062,185.02131444805923,179.87836807585245,180.3869044543735,11802200
2020-05-19,181.69183349609375,186.6236876905586,181.56709318427755,183.39975090625865,7446800
2020-05-20,186.0095977783203,187.0938428679609,184.61831877144343,185.18442307948118,9545600
2020-05-21,182.90081787109375,185.7793325477726,182.32512372028762,185.66419664578794,11338100
2020-05-22,183.13108825683594,183.62043043824224,181.5670907345745,183.26541834433266,5807600
2020-05-26,185.39552307128906,188.32201570961473,184.9541444107212,187.8710472715343,9662200
2020-05-27,185.01171875,186.44137150236668,180.88584526686984,186.44137150236668,7650300
2020-05-28,186.39341735839844,190.260220949793,184.90619647007972,185.70257265632907,8352200
2020-05-29,187.33367919921875,188.772936067139,185.45304378314995,186.62364054032867,10211900
2020-06-01,186.4797821044922,187.94782342182282,185.68339128514245,186.82520445215133,6011300
2020-06-02,188.40835571289062,189.52138475098198,187.02666651262282,188.00536546962599,8462100
2020-06-03,188.897705078125,190.11628027219905,187.6503605522352,189.98195018598562,8879400
2020-06-04,185.79847717285156,188.50428727462614,185.29953066256883,188.04371450780567,7829800
2020-06-05,191.52676391601562,191.68028820600517,187.56400419584256,188.25484885991347,8561200
2020-06-08,191.5171661376953,191.86258845530094,189.14718808318372,191.4979719420279,7628100
2020-06-09,191.01821899414062,193.50333293383738,190.2122384689765,190.32737436089096,6892300
2020-06-10,192.36155700683594,193.9927125676888,190.8935155379799,191.8050423536726,8405300
2020-06-11,181.23130798339844,188.40840124032206,181.10656764907372,187.23780397616724,11974600
2020-06-12,184.47434997558594,187.10339786242025,180.24294579714953,186.34539566691282,11706300
2020-06-15,183.99465942382812,184.68550414213715,178.66941879478082,179.42742124468148,6752700
2020-06-16,185.06932067871094,190.34659793900207,184.033053568875,188.88814630580146,11057200
2020-06-17,185.7217559814453,187.45845741327088,185.2420035575871,185.81771232256978,5968900
2020-06-18,186.05758666992188,186.38381480106446,184.3304750331642,184.80063767455104,5803200
2020-06-19,184.41683959960938,189.1184224132034,183.62044877247416,188.91691994139788,11483300
2020-06-22,187.06507873535156,188.40837971737923,183.5436829250482,184.21534805694466,6674500
2020-06-23,189.9531707763672,192.04488426063523,187.89024126548767,188.3028213113109,9866800
2020-06-24,183.65882873535156,189.4830156213078,182.9679840649978,189.04165158467652,9453100
2020-06-25,186.12477111816406,186.37425178205382,182.2099890597431,183.3614067434841,9936600
2020-06-26,181.60548400878906,186.26867808710358,181.4231757478099,185.28038927947298,11836000
2020-06-29,183.63003540039062,183.69719312389716,179.71525401490055,182.21956215705663,8020400
2020-06-30,185.34756469726562,185.90407931094762,182.45946014230125,183.73560345009014,9040100
2020-07-01,185.93287658691406,187.43930645528758,184.85823567859646,186.00004896412608,6394100
2020-07-02,187.746337890625,189.9052240980505,187.10347131020885,188.06297629128684,6299300
2020-07-06,189.7516632080078,191.11415826157832,187.75589147519312,190.68238403150508,7292200
2020-07-07,186.33578491210938,190.84545347131453,185.96157871474907,188.84009243009848,7660100
2020-07-08,187.1706085205078,187.60238275269344,185.29956244623443,187.18019829779857,8368000
2020-07-09,184.4263916015625,187.57356562057058,182.25790176492777,187.10340308057482,8548200
2020-07-10,184.75267028808594,185.01174070894146,181.7686094817842,183.8891070988618,7674200
2020-07-13,181.36561584472656,187.28575917547474,181.05856725664117,185.7697397137887,8564100
2020-07-14,185.5010528564453,185.63538293420396,179.60008992997237,181.82614795097896,8003900
2020-07-15,188.5906982421875,189.7612954362671,186.62371019371713,187.32414469808168,7681100
2020-07-16,185.6641845703125,187.78469668620434,184.72387393653509,187.42008016579027,5064000
2020-07-17,187.18980407714844,187.65037696234145,185.2995782867062,186.94033807833083,6395000
2020-07-20,190.4329071044922,191.40200162211883,185.82728141983168,186.85395852025394,6985300
2020-07-21,188.52349853515625,192.0640735808817,187.75589176889122,191.9009595221936,7218700
2020-07-22,190.80715942382812,190.94148953434757,188.30285085987794,188.52353290411335,6823400
2020-07-23,189.43502807617188,192.81248911511807,188.4755232638141,190.4041373068174,6106700
2020-07-24,187.2473602294922,189.48300822252415,186.17271951351796,187.74630683657236,7160300
2020-07-27,188.93612670898438,189.79967532358532,186.33586180445462,187.2569930154617,5604700
2020-07-28,188.77297973632812,191.29646740604755,188.7441957635813,189.68450636870045,6897300
2020-07-29,190.53846740722656,190.83591155653565,185.23240696581567,185.2707807163246,9471300
2020-07-30,186.2014923095703,188.6002542215062,184.34005072336714,187.29532715577784,10499400
2020-07-31,182.68971252441406,186.80599641581563,181.76859609281655,186.5469260140431,14180800
2020-08-03,182.96800231933594,185.51068459523117,182.50744404011192,184.03305340564904,11405200
2020-08-04,184.50315856933594,185.1268454299854,182.38266130941656,183.39014420671162,8204000
2020-08-05,188.15892028808594,190.15467763367533,185.28040553390338,185.7217695973168,8876800
2020-08-06,190.72084045410156,190.86476036850308,186.90199946193368,188.0438129191409,7480300
2020-08-07,188.40835571289062,189.9627487427515,187.3912830073826,189.5885424710857,5654000
2020-08-10,188.82093811035156,190.27938946687203,187.4200693386345,188.40835808498642,5525400
2020-08-11,189.76129150390625,194.67395199307066,188.3891918595585,189.80926967792513,11549600
2020-08-12,190.69198608398438,192.12163884228866,190.21223369188095,190.94145205716094,5432500
2020-08-13,189.86557006835938,192.13342540338067,189.33704166470733,189.43314307010434,7014800
2020-08-14,188.96224975585938,190.33642346072037,188.1262233363586,189.31779852497777,5014400
2020-08-17,191.643310546875,192.63310800672576,189.0295255921231,189.59648570623045,6256200
2020-08-18,191.23973083496094,192.2871833755862,189.13525080432942,192.17185875555376,6519900
2020-08-19,193.14244079589844,194.92019957710662,191.13403276543954,191.1532559800465,9467600
2020-08-20,196.17901611328125,196.45770135799435,191.80668128477936,192.0949561406701,8849200
2020-08-21,196.1598358154297,197.13039551707257,195.4006728175469,196.51538463090967,9998300
2020-08-24,198.3507843017578,198.3892160615103,196.67871682375207,197.00543810219713,6159600
2020-08-25,199.974853515625,200.07094027170683,197.51479501904046,199.10038045607843,5828300
2020-08-26,202.0504913330078,202.5694154967861,199.20607136028403,199.974838666945,7035200
2020-08-27,202.79043579101562,203.89552873881482,200.8877480273109,202.96341540390722,8619600
2020-08-28,207.2876739501953,207.72010090204063,202.9729793800164,203.72252334001874,7349800
2020-08-31,203.7129364013672,207.5279304351898,203.29971796296286,207.12431627190543,9326900
2020-09-01,205.0198211669922,205.5387305824464,202.8768802692282,203.9243327005761,5642900
2020-09-02,208.02761840820312,208.86365956709437,205.42343751651453,205.76938204291406,9863800
2020-09-03,200.80126953125,206.53816042768645,199.00427275929408,206.53816042768645,11310200
2020-09-04,196.66915893554688,202.2811356159336,192.33524018481253,200.349620312254,13243600
2020-09-08,192.30641174316406,194.35325166922556,191.43195337398438,192.94064589814332,14186900
2020-09-09,196.09251403808594,198.2354400095604,194.0648979974314,196.37119925491749,7532600
2020-09-10,193.6709442138672,198.91776713197368,192.62350635050856,196.86132316940046,7243000
2020-09-11,192.84449768066406,194.50696086492118,191.14361740012058,193.70936622656396,7439000
2020-09-14,196.97666931152344,198.35084340612687,195.20851457575668,195.41032169787997,11730500
2020-09-15,197.37062072753906,200.08052187993817,196.77483309673434,198.67752060315416,6328600
2020-09-16,197.12075805664062,199.6384561569246,196.94777848430073,198.66789661867332,6135000
2020-09-17,197.25527954101562,197.55317330924626,194.11295190697692,194.92976969852327,7474900
2020-09-18,194.6991729736328,197.68774483562808,193.8439232594549,197.44750598711727,9084100
2020-09-21,189.74063110351562,193.39226436955622,187.0980038885279,192.1045877184676,9656000
2020-09-22,192.72921752929688,192.87336964073492,189.1160304130314,190.35565645850835,7543100
2020-09-23,187.7418670654297,193.2385335732381,186.97311441335833,192.95986293631478,6310600
2020-09-24,187.88601684570312,189.95206523270144,185.58933386814473,187.53045335237925,9865300
2020-09-25,189.5484619140625,190.40371167534167,185.95448326372338,187.40553537297274,5496100
2020-09-28,192.49856567382812,193.84389717927868,192.0276923154136,192.79645945981977,5565300
2020-09-29,191.65292358398438,194.47813445613676,191.58564967606935,192.74841201777673,5513500
2020-09-30,192.16221618652344,194.63186347291662,191.1243827911437,193.00786147083573,9157600
2020-10-01,195.41029357910156,197.18805233610226,193.7670533334685,194.31480496968496,7234600
2020-10-02,193.5940704345703,194.91057456627377,191.61449010510597,192.19106917784546,6019700
2020-10-05,195.59286499023438,195.69857067579508,193.20009531447604,194.79528487365923,6090500
2020-10-06,192.62353515625,197.09198721728433,191.9124374406276,196.14063595352448,5841100
2020-10-07,194.56463623046875,194.87213432614516,192.18147100266899,194.1129860305248,6713400
2020-10-08,195.05471801757812,196.32318615151303,194.33400148593748,196.03489660625368,3955600
2020-10-09,198.5718231201172,198.99464584188166,195.7273886865298,196.03490145254605,5562900
2020-10-12,198.34115600585938,199.84986277345448,197.69731775353333,198.86008004762346,6622700
2020-10-13,196.3424072265625,197.19765691494203,195.10276659435127,195.43910683732707,5621700
2020-10-14,194.30514526367188,196.96699536587187,193.27693078868597,196.71715228386904,5320000
2020-10-15,191.75863647460938,196.707550492848,189.8847765387236,193.1616230263948,8885500
2020-10-16,192.44091796875,194.73760072668844,191.62411469844616,192.18147057507338,6385900
2020-10-19,189.27938842773438,193.21931147700045,188.82773821164236,193.007900113595,7449600
2020-10-20,189.98089599609375,191.8643751939024,189.0295594525571,189.8367585388964,7427000
2020-10-21,190.68234252929688,192.59464874856232,190.10577817919116,190.10577817919116,6067200
2020-10-22,190.2595672607422,191.97006672070287,188.11662613505925,191.55684826886107,4908200
2020-10-23,190.27874755859375,192.07574388268642,188.36645595738554,191.9508150055372,5877200
2020-10-26,185.53167724609375,188.75086923140017,183.2734260554174,188.34726969875055,12608700
2020-10-27,182.63917541503906,186.13705237797907,181.83197642274877,185.46438655107048,8690400
2020-10-28,173.80801391601562,177.48847518389488,172.3377531967005,176.7965860615093,17809500
2020-10-29,177.65174865722656,179.69858752818672,172.33766860550332,175.85476747410786,16820900
2020-10-30,174.615234375,177.02722745681893,172.23205412278546,175.52813918840445,10252900
2020-11-02,177.52688598632812,179.62176148539143,176.71006812263002,177.30585571171883,8057100
2020-11-03,180.98634338378906,182.1298826992593,177.93051213409348,179.53530595342005,6467900
2020-11-04,186.396484375,189.19286757199959,184.05175130245107,185.35865098241214,8102700
2020-11-05,189.9232177734375,193.1424241117556,189.5868775304436,190.61510680935652,7132100
2020-11-06,190.72080993652344,191.8835577014723,187.7994974543579,189.64454463415456,6180500
2020-11-09,204.37599182128906,209.15194143486025,203.99161551824358,206.30752160108514,17916900
2020-11-10,204.9813690185547,205.70208548062155,202.32913771683374,203.66486497334373,7943600
2020-11-11,204.39520263671875,205.91351386877483,203.40541978655168,203.88589746772075,5337200
2020-11-12,200.43011474609375,204.54919987561658,199.35222770213923,203.48093157844394,7302500
2020-11-13,202.56661987304688,203.33654536417276,199.50618476933326,202.01805768950325,6377500
2020-11-16,204.7031707763672,207.00331398386177,203.8658846381282,206.50287486117853,12083200
2020-11-17,202.78797912597656,204.11608551937886,201.62346482473032,202.64360983890418,7268800
2020-11-18,200.0162811279297,203.21145247206164,199.86229307432814,201.83522279140922,6977900
2020-11-19,199.7660675048828,200.88244421397363,197.8027564757568,199.44847264178568,5657200
2020-11-20,196.21478271484375,200.28574442117127,196.1474074373224,199.34259333163172,9653500
2020-11-23,200.33387756347656,201.14229282360455,197.00395563231717,197.00395563231717,6101900
2020-11-24,201.79672241210938,205.7810862807433,201.52725065555094,202.92274722678985,10110800
2020-11-25,202.9612274169922,203.98137254560828,201.01716867683,201.78709423893363,6772900
2020-11-27,203.06707763671875,204.05835176980503,200.95941225381048,204.02948084826718,3512900
2020-11-30,202.44154357910156,202.62438787381646,198.83253114081316,201.66198455693953,7725500
2020-12-01,203.2595977783203,205.63673538194968,203.10560970789726,204.15464058818233,8047900
2020-12-02,202.27792358398438,203.4520568140413,200.6418408702506,203.06710135849548,9728900
2020-12-03,200.22802734375,203.17297935454854,199.8045675043993,201.8929810892786,9203300
2020-12-04,204.68392944335938,204.72243379951854,200.67070939264917,201.85447604024327,5720100
2020-12-07,204.65505981445312,206.43551182780422,203.83702580475583,204.0006326066953,10624500
2020-12-08,204.7705535888672,205.11701936314813,201.99882739461955,202.0565692428149,8646200
2020-12-09,201.70046997070312,205.47308885634436,201.09415123877775,205.21323587336096,6251100
2020-12-10,199.8045654296875,201.43102948434563,199.4580996270082,200.6707225938307,10492000
2020-12-11,198.48606872558594,199.11162501812146,196.81148163918039,197.63914909313584,9227600
2020-12-14,199.4580535888672,203.35578929807144,199.1885818806606,200.0355013550851,11967700
2020-12-15,200.5263671875,201.56576459152595,198.40908270601457,200.69959274561597,9796100
2020-12-16,200.4397430419922,201.26741048242357,199.3522225940124,200.6418395150004,7504400
2020-12-17,203.2403106689453,203.817758491235,200.99792402615023,201.14227863916858,6517200
2020-12-18,203.36544799804688,204.0102564754482,201.97958483492957,203.08635749010972,13298200
2020-12-21,201.15191650390625,201.91222336502287,197.09057324041223,200.4397474318486,7576700
2020-12-22,198.10110473632812,200.56485499624966,197.8701373276542,200.5552362492582,7396200
2020-12-23,197.58140563964844,199.53508321538197,197.39854665820678,199.53508321538197,6523100
2020-12-24,200.8535614013672,200.96905978072743,198.83252332642078,198.8710129961351,3367900
2020-12-28,204.6358184814453,205.43461498306127,201.0941666994024,201.96033848090462,5816200
2020-12-29,206.3104248046875,207.14772579988548,205.51162817151152,206.54140692148545,6093400
2020-12-30,210.1503448486328,212.10402199792347,207.5422259446695,207.87907290907387,8875100
2020-12-31,210.50648498535156,211.55551581922097,208.07160563432546,210.18889011107294,5922200
2021-01-04,209.5729522705078,211.96934194508503,206.18530298614024,211.96934194508503,10318300
2021-01-05,206.44509887695312,210.24660314961184,205.6078128176105,208.17742752137494,6869700
2021-01-06,204.6261749267578,208.04270941148087,204.0968648857639,205.76181840140498,7206200
2021-01-07,205.77145385742188,207.12844607859725,204.22198390706285,204.22198390706285,10967900
2021-01-08,207.34979248046875,207.99460094303967,204.75130645194304,206.11791740494382,6513000
2021-01-11,204.88601684570312,206.78195232622463,204.49142800892085,205.91579531948506,7353100
2021-01-12,201.0075225830078,204.78975991528617,199.6697827913357,204.35668143462092,9331600
2021-01-13,201.4791259765625,203.06708546277315,200.78619446273396,201.53686782186352,6688500
2021-01-14,194.27073669433594,203.26921369985604,194.14561956225688,202.65327615633583,12887500
2021-01-15,194.0108642578125,195.61807589505557,192.89447298286623,193.96274115913056,8755000
2021-01-19,194.07823181152344,196.49385854412816,192.5480142560301,195.4159716650547,9772000
2021-01-20,198.2646942138672,199.4003377193077,194.62681099417117,195.39673655436852,12675700
2021-01-21,197.4274139404297,199.38109148011594,197.05207723785716,198.3032044748019,6513500
2021-01-22,194.42471313476562,197.61026561568937,194.21298324010226,196.3206487555459,7316200
2021-01-25,193.42385864257812,194.05904850105784,188.39049225881027,192.8079209666588,19282400
2021-01-26,194.41510009765625,195.83946766300895,193.41420705116118,194.17449925440062,9605300
2021-01-27,187.63975524902344,192.19191832584303,186.66773329241983,190.20937006053035,13772400
2021-01-28,190.767578125,194.4054613254901,190.71945502428386,192.48065477771297,11041300
2021-01-29,185.9844207763672,195.41597519389788,185.56096101333935,190.38261050541547,21503000
2021-02-01,190.9022979736328,191.72034656182322,187.68787483305553,187.80335851699496,12970700
2021-02-02,194.99253845214844,196.6671255258894,192.48066518409166,193.29871388516779,11305100
2021-02-03,193.78955078125,195.85871223396762,193.42383278705205,195.43526707003016,13458600
2021-02-04,201.3828887939453,201.79671516053583,195.4641144238657,195.5988502973032,14534800
2021-02-05,200.92095947265625,202.22982866805378,200.81509451254652,202.08545934875306,10284000
2021-02-08,199.11163330078125,202.7302646974979,198.16848210684367,202.10470837894044,8637100
2021-02-09,198.7554931640625,199.8237611969828,196.04150936173838,198.0240574065026,7619400
2021-02-10,198.67848205566406,200.15095750336224,198.197280545041,200.15095750336224,8467600
2021-02-11,203.0546112060547,203.95102864611195,199.70988635793137,199.84483139324877,8411100
2021-02-12,202.37991333007812,203.5076715719141,200.18221363173495,201.8015689818971,6911000
2021-02-16,200.39425659179688,203.4305421207069,199.8641248066011,203.05462273612642,9652700
2021-02-17,200.01834106445312,200.76054616910943,197.6567954128087,197.84957194822536,8373200
2021-02-18,201.79193115234375,202.12928642525497,197.56042205863616,198.44720592181073,7328600
2021-02-19,197.3387451171875,201.96545638842278,196.4037632989373,201.78231349710848,15011500
2021-02-22,200.7991180419922,203.04498609264212,195.77720600111368,196.2013232201247,8337700
2021-02-23,204.45230102539062,206.18731948150133,199.09303323377776,199.9123372908934,10571700
2021-02-24,211.50802612304688,212.56831928006147,203.66190088486576,204.69327829286257,12039000
2021-02-25,206.0330810546875,212.49119106312418,204.9053227970213,211.3730664851634,11404300
2021-02-26,204.72216796875,207.44036569350575,203.13174314369135,206.3222411808584,11730000
2021-03-01,208.80909729003906,209.9368554767253,207.03551490603954,207.20902408517196,6982000
2021-03-02,207.9801483154297,210.06215554343575,207.06444871732833,209.1271885868238,6155200
2021-03-03,207.09335327148438,209.34886955954667,205.17519223401408,207.38251071258995,6484600
2021-03-04,203.86428833007812,209.18500578910528,201.13645708061816,208.17291063595624,10658900
2021-03-05,207.63311767578125,208.29820915564494,202.0617925455421,206.01376258899498,7582000
2021-03-08,212.3176727294922,217.96611177089824,208.01868409064474,209.14644222162005,14750400
2021-03-09,212.4044189453125,216.87690202543183,212.24055816206427,214.0430414857012,9228600
2021-03-10,215.11297607421875,216.09615551795108,211.47907884109844,212.75143043979992,7822900
2021-03-11,217.9853515625,219.9902595555581,215.72983558577383,216.4238427644441,10053400
2021-03-12,216.26004028320312,218.3613297403212,215.35397429420416,217.14682420429125,8172400
2021-03-15,215.20938110351562,218.89146160017847,213.73461922739813,216.13471439038165,9306100
2021-03-16,216.58775329589844,217.4359877553839,214.27440530736618,215.6335042368851,8949300
2021-03-17,214.96844482421875,218.0721962433111,213.75392444671564,216.92515575696262,8675600
2021-03-18,212.693603515625,214.48645326542706,211.65259256013601,213.43579392289107,9321800
2021-03-19,199.4303741455078,212.22129727281072,199.41110678643108,211.20920202078887,32209700
2021-03-22,200.4906463623047,204.62575947204851,198.7845439553348,199.09299816337946,11371600
2021-03-23,200.63522338867188,202.37988991089412,200.0086960072333,201.5027398105553,8820700
2021-03-24,200.5581512451172,203.51730879452958,200.4231914813387,201.21359445708575,10101600
2021-03-25,200.4617462158203,201.28106490026858,198.35080852747885,200.1725740502558,8390800
2021-03-26,205.8209686279297,205.98482938752937,200.2014461681814,200.7315925715358,7399900
2021-03-29,206.765625,207.51746379180705,203.4980134177903,204.77999871866822,7792300
2021-03-30,204.24986267089844,206.41863192170842,203.77756233600525,205.31978942294768,5498000
2021-03-31,204.08599853515625,206.38007912283257,203.91250405772237,204.87640148677525,13180000
2021-04-01,209.03079223632812,209.8790266608804,204.6354224143884,206.06198645830227,6138400
2021-04-05,211.13211059570312,212.54904115550224,209.46457197046342,210.70800803293653,10440500
2021-04-06,210.75616455078125,211.47908761424094,207.5656664506444,209.76335138692923,7828100
2021-04-07,211.35379028320312,213.05987811788177,210.74653020528615,211.20919684622382,5614300
2021-04-08,212.73216247558594,214.7756350536936,210.23567163108206,212.02852146124673,11042000
2021-04-09,214.48646545410156,214.56357901532442,211.58512470623452,213.021337206683,5724900
2021-04-12,213.474365234375,213.89848245730838,211.305596014481,212.28877551238043,6315200
2021-04-13,213.04058837890625,213.6189179423467,212.26946758641316,213.02130631441983,4764000
2021-04-14,213.96592712402344,215.04550214473159,212.1248943851357,213.02131185032172,4972600
2021-04-15,218.11070251464844,219.41196988792632,215.77807257139108,215.80698831676108,8698100
2021-04-16,218.23599243164062,219.57580909774524,217.60945035842704,218.96854908885203,6829400
2021-04-19,217.6383819580078,219.3637664967022,216.95402305778234,217.59983253446404,6541600
2021-04-20,215.218994140625,217.24318441184832,213.8117122786862,216.66484013209708,5799100
2021-04-21,219.2384033203125,219.64323835743048,214.82375261854514,215.2478697168316,9490600
2021-04-22,219.3541717529297,222.59285339011015,218.69871377308888,219.0939152971172,7303000
2021-04-23,221.6964111328125,223.45071153287654,219.48909246736085,220.35659427993485,5345200
2021-04-26,222.02410888671875,224.53988152247516,221.23372071915907,222.43859238938904,5650000
2021-04-27,221.60964965820312,222.81452138044392,220.7228658355827,222.68921001480072,6642100
2021-04-28,225.0218505859375,227.74004838014133,222.34221692510383,222.61210702706495,10111400
2021-04-29,228.3087615966797,228.92565540608925,224.73269541338271,226.73760397094085,7411400
2021-04-30,225.12786865234375,227.41230072558452,223.9037148673328,226.82433744616222,10260200
2021-05-03,224.212158203125,227.22916154829622,223.03620228555246,225.60017270963067,8174400
2021-05-04,223.6531524658203,224.0001561800742,221.91813389455075,223.23868356963604,5884500
2021-05-05,220.93492126464844,225.40740444510453,220.40477477288937,225.40740444510453,6523200
2021-05-06,222.96878051757812,223.21938857695463,220.40480959446842,221.33979136185874,6124100
2021-05-07,223.73985290527344,224.8001458958503,222.38076879105157,223.95191150338883,4528700
2021-05-10,217.81192016601562,223.6242209387832,217.03116554100336,223.2386678203281,9627400
2021-05-11,217.33958435058594,218.2456502711771,214.02377489987234,215.6624122666814,7633300
2021-05-12,212.6646728515625,216.87689948163137,212.35621864583817,215.55636484465091,7721300
2021-05-13,215.97564697265625,217.09538076963935,213.22454347319015,213.82302315168712,6650100
2021-05-14,219.06463623046875,219.61484819453113,217.114730985161,217.98350764896216,4777200
2021-05-17,218.5819549560547,219.27697029210495,217.50082653520764,218.33096819459374,5534200
2021-05-18,217.74217224121094,221.22688220568048,217.60701644608545,220.46430363320525,6900000
2021-05-19,216.79617309570312,217.04715988529372,214.09333701139187,215.02967681269902,9311900
2021-05-20,218.5819549560547,219.70170352294343,217.42360097239427,217.61665751479268,7478600
2021-05-21,218.9005126953125,221.3523618027857,218.68814607231045,219.00669600681354,5603900
2021-05-24,221.36204528808594,222.1246238856654,219.73069004204046,220.03957760447338,4040100
2021-05-25,221.07244873046875,222.20184509495044,220.4932643095322,221.9219005574315,4689100
2021-05-26,219.1901092529297,221.39098636312005,218.52405162471695,220.13609667380464,4295600
2021-05-27,218.9873809814453,220.49324265284966,218.5143799264959,219.8561427982493,5969600
2021-05-28,219.41212463378906,221.4681982923032,219.26732117126747,219.69205442783067,5779700
2021-06-01,218.76536560058594,222.09563885409167,218.42750560169645,221.47784907584503,5091500
2021-06-02,221.69021606445312,225.02048932353912,220.84074959446428,221.2654828294587,9081100
2021-06-03,220.19400024414062,222.39487723516174,219.86580264864645,221.05311437897547,6382400
2021-06-04,222.1535186767578,222.69408280477523,220.7924459570418,221.39094029529062,5085700
2021-06-07,223.29263305664062,226.53601863690548,222.0956588096823,224.76953710810818,5421300
2021-06-08,223.99728393554688,224.7695248680063,222.17287228136274,224.09380484631015,4170600
2021-06-09,224.24827575683594,226.700139828948,224.06486686215763,224.43168465151422,4659000
2021-06-10,225.8313446044922,226.13058446939726,224.07451083374235,225.010850576409,4452500
2021-06-11,226.8063507080078,227.26968947293705,225.59972860090912,226.2561239571194,5378300
2021-06-14,225.9568634033203,227.05730207536277,223.5339717359939,226.5553432004376,5805800
2021-06-15,224.89501953125,226.6518681458661,224.54751182337384,226.30436043798994,7093800
2021-06-16,221.63230895996094,226.05335848972098,220.08782708868296,225.5127942535549,8905400
2021-06-17,224.09384155273438,225.24254810265043,221.25587885969094,221.25587885969094,6876700
2021-06-18,222.41419982910156,224.1227657937957,221.265493450935,222.45280524810417,8840000
2021-06-21,226.1885223388672,226.85456525620543,222.40454309231092,223.4181084358788,7298400
2021-06-22,227.7426300048828,227.8970811384836,225.1459921264146,226.16920511029596,8858400
2021-06-23,226.53599548339844,227.73296960801795,225.82168480663051,227.27927863420967,6814700
2021-06-24,228.04185485839844,229.98209725992228,227.24065627776662,228.77547555341692,4611500
2021-06-25,229.08441162109375,230.2041455358955,228.119114113294,228.19632495215944,7825200
2021-06-28,225.9664764404297,230.0979483463503,223.81386725203075,229.74079300336697,9301700
2021-06-29,227.761962890625,228.31218958570977,226.02442428676815,226.42986223539498,11897700
2021-06-30,225.70587158203125,228.19632620405895,225.70587158203125,226.9510988930451,7797100
2021-07-01,226.9896697998047,228.05150279447062,225.92785153440764,226.07264024764893,5329600
2021-07-02,230.34893798828125,230.49372671582145,227.6364544777118,227.64610214979103,4383700
2021-07-06,231.28529357910156,232.26023877975365,228.97823307656597,231.18875793460197,8048700
2021-07-07,231.6714324951172,232.67533555504926,230.03042946079805,231.92240457778195,4366100
2021-07-08,228.3990478515625,228.84309119369328,226.41053730785907,228.7465555495388,6388000
2021-07-09,230.19448852539062,231.140475920464,229.18092323746248,230.4744183104178,5615900
2021-07-12,229.6153106689453,230.23310047723814,229.03614100888566,229.33538087597378,7010700
2021-07-13,233.93983459472656,234.06531324286857,229.9821092985113,229.9821092985113,8079200
2021-07-14,237.45355224609375,238.24508858660292,234.39356074635538,234.77967387890544,8693400
2021-07-15,239.92466735839844,240.16599170401557,236.7970985366636,236.7970985366636,10135100
2021-07-16,239.50958251953125,241.76838959530485,238.93041292593148,241.31469864588698,8674500
2021-07-19,232.06716918945312,235.96696450235925,230.6095605774191,235.5229359128445,11474600
2021-07-20,234.27772521972656,235.73533402647755,231.19842351055757,232.28921451493056,7072300
2021-07-21,235.2043914794922,238.33194594071776,233.89158629537565,234.84722138996307,11241400
2021-07-22,235.66773986816406,236.8357563676942,234.71209000491214,235.32023216600624,10293600
2021-07-23,240.3783721923828,241.33400722949833,238.19679055524884,238.19679055524884,6766000
2021-07-26,241.56568908691406,241.67187239656263,239.10417762089364,240.5617862105487,4879000
2021-07-27,242.22210693359375,243.9017299716209,239.6061588238387,240.5424986248383,7038300
2021-07-28,238.37051391601562,242.77226717895925,237.37625889080107,241.37258906155438,9036500
2021-07-29,239.3165740966797,241.69121262267845,238.5250377408615,239.49998299343338,7495300
2021-07-30,237.8396453857422,239.83781823836472,237.4631799579066,238.6311963889851,5804700
2021-08-02,231.4590301513672,239.2296778641083,230.09795716027878,237.69485839548727,9989500
2021-08-03,228.8623809814453,233.01316318167895,225.90857298501214,232.27954238344245,9839000
2021-08-04,228.45697021484375,229.30643677527402,226.89319289157143,228.7755201750051,8171800
2021-08-05,231.87411499023438,231.9127204086949,228.22527695170965,228.39903815795876,5337500
2021-08-06,233.0228729248047,234.18124201800012,231.53632085814033,231.67146195510983,4509700
2021-08-09,231.6714324951172,233.77577427023013,229.78910505194895,233.36070335706074,5226900
2021-08-10,229.80841064453125,232.96492324560668,227.38550420023068,232.163724456349,7185700
2021-08-11,226.90280151367188,230.08828583777878,226.4394628919395,229.8180037476625,7375700
2021-08-12,224.05130004882812,226.2938500819193,223.30701839503158,226.08119396673482,9867000
2021-08-13,224.88258361816406,225.48189390777327,223.6743169648334,224.25429085817163,5445400
2021-08-16,227.50213623046875,227.6181251216422,222.51440741910463,224.45730984236235,7575900
2021-08-17,226.6998748779297,227.80181373581294,225.43361348634087,227.15418442673135,6850500
2021-08-18,223.89669799804688,226.52588799514675,223.74203629248757,226.11023650512513,4996500
2021-08-19,223.8386688232422,224.66994217563158,221.25779810379933,221.3931233878336,5761300
2021-08-20,223.6356964111328,224.4089901487664,222.6110884772426,224.1286639785655,5522200
2021-08-23,226.32286071777344,226.81582824164096,224.25430863328523,224.93093506291223,6342000
2021-08-24,226.41954040527344,228.30443368762766,226.1392142444344,227.19281936773103,5081800
2021-08-25,224.82461547851562,227.15415739848893,224.3316479360553,227.15415739848893,5277100
2021-08-26,222.82376098632812,224.8633161787976,222.46610394116507,224.3800094009551,5889100
2021-08-27,224.92129516601562,225.26927661210814,222.54341949282494,223.30705240894383,6369000
2021-08-30,223.510009765625,225.86854879422694,222.24374858617475,224.92127180300724,6448000
2021-08-31,221.4511260986328,224.09963725854712,221.02581386144527,223.2006939157775,9405100
2021-09-01,222.43707275390625,223.07504114310123,221.13215350257119,221.45113769716866,8177600
2021-09-02,216.6953887939453,222.85272629123048,214.5495205771067,222.73672265160525,19708800
2021-09-03,217.59437561035156,219.71126163287784,215.89314108165775,216.5214339858938,11532000
2021-09-07,218.71560668945312,220.38784365402776,218.31929167637182,219.16991614360015,9662600
2021-09-08,221.44146728515625,222.53374518157003,219.45990680247698,219.78856657840046,10652600
2021-09-09,219.89486694335938,222.32106103884388,219.51788834287615,221.65409549583157,5853000
2021-09-10,217.40098571777344,222.35970157222758,217.31399406666927,222.17605744745683,6715400
2021-09-13,217.13037109375,219.61455984300395,215.9511015748614,218.0003172473269,6808100
2021-09-14,215.5838165283203,218.27100098810214,214.8588563737169,217.4880463810268,6575700
2021-09-15,216.3377227783203,217.33333330871764,213.96952311620385,215.09079809682464,6535800
2021-09-16,216.8403778076172,217.68132671486052,215.3131269219303,216.3860683463974,5928500
2021-09-17,214.3465576171875,216.23145111535993,211.9783573374656,215.02318416148626,13787400
2021-09-20,212.70327758789062,213.13825065977534,209.08813823065282,209.71644577835266,8822600
2021-09-21,212.8192596435547,214.75248634486255,211.66898739638063,213.37989715685586,7033600
2021-09-22,215.3131561279297,216.6180902466274,213.71824976005595,214.00822200923196,6005900
2021-09-23,220.68753051757812,221.06450920061974,216.8694100612638,217.4880421244437,7952700
2021-09-24,223.8579864501953,224.20596785279685,220.98714356607007,221.2867913503812,6461200
2021-09-27,221.9344482421875,225.53991218700932,221.13215732965122,223.98366398304864,6881100
2021-09-28,218.02931213378906,221.2288000690434,216.52139761742083,221.2288000690434,6951400
2021-09-29,219.11195373535156,221.3738406652899,218.5416552773098,219.22795739159992,6432700
2021-09-30,215.3131561279297,221.1514951511789,215.19716722825927,219.98190108123188,7128500
2021-10-01,222.7657470703125,223.8290130390593,216.00911359662013,216.68574007661374,7925400
2021-10-04,217.22705078125,222.64009235714423,213.43792757786474,222.3211081277344,10283400
2021-10-05,216.7920379638672,219.78854520722112,216.44405657269928,217.95197101797712,5814000
2021-10-06,218.94760131835938,219.05392938495294,213.86322001886347,214.62683813396245,5420900
2021-10-07,222.8527374267578,223.44237223070235,220.86151604767159,221.26749193327015,6561900
2021-10-08,222.5820770263672,224.95993778712236,222.49507060879785,223.28770069528312,3735200
2021-10-11,217.59437561035156,222.6304386673277,217.3623830498856,222.3307760790521,5620200
2021-10-12,216.56976318359375,218.66731276250965,215.47748518076563,218.02934429629047,5448200
2021-10-13,215.0328369140625,218.31931678004534,211.33070559039925,215.68046616267998,9076000
2021-10-14,217.6619873046875,218.11629675961836,215.6127717203009,216.63737951249422,5590500
2021-10-15,223.27806091308594,223.37471341487685,219.16027790377862,219.6339238354147,6355100
2021-10-18,222.9494171142578,224.98897236523143,220.52322232966046,222.4951075501059,5580200
2021-10-19,225.72357177734375,225.8395606688813,222.9783784330354,224.20598161609246,4409700
2021-10-20,223.6936798095703,225.99422450930885,223.58735174153153,225.66557948058923,5401800
2021-10-21,222.55311584472656,223.12341431676356,218.7446559817562,222.99774983164082,5982200
2021-10-22,223.510009765625,225.046936263345,221.0741546453458,222.60139082024395,3788000
2021-10-25,226.0715789794922,227.01885611688118,224.53465224461723,225.65592748850335,4938700
2021-10-26,224.0803680419922,229.04876127199148,223.60672207623549,227.66649617770508,7814500
2021-10-27,208.57583618164062,217.24635947268996,208.4598472945951,217.24635947268996,22958100
2021-10-28,202.83413696289062,212.6452710798596,202.03184613169697,211.92997190823726,23199400
2021-10-29,204.69969177246094,206.53625104494182,201.57752036015665,202.22516421610229,14329800
2021-11-01,205.36666870117188,208.06351332493858,204.39037982624302,206.36227922261625,13210300
2021-11-02,202.15756225585938,206.22701189170135,200.8816400079723,206.04335295276357,14688700
2021-11-03,201.1522674560547,203.1338132547981,199.8279969828048,202.68917932166235,11486700
2021-11-04,201.80955505371094,205.27003297707924,200.92993327374495,202.17687288476282,11368200
2021-11-05,209.4361114501953,210.36406675004096,204.30339695404822,204.87369528709812,14273600
2021-11-08,213.12860107421875,214.21120339899184,210.8667144323172,211.07937056744768,13500100
2021-11-09,206.265625,213.0512549400321,205.8113155393112,212.35529213852368,11535000
2021-11-10,208.72999572753906,210.07595309415916,206.57065724195044,206.78368774101108,10063600
2021-11-11,203.75283813476562,209.9113220534734,203.50108155683458,209.61114677104797,13546900
2021-11-12,205.3699493408203,206.81274418231362,204.73085781838842,204.7986469686385,7660500
2021-11-15,205.57327270507812,209.54335524815662,205.0987930469283,206.85144079238125,9596900
2021-11-16,208.36203002929688,208.81713929500592,204.9535716152538,205.43772915108764,8719600
2021-11-17,198.56268310546875,200.74139198241411,193.14012765470494,199.42448291467008,38379600
2021-11-18,196.88748168945312,201.28362508661112,194.89275524502537,199.9570383255781,18292200
2021-11-19,194.4957733154297,197.0521246112659,193.51778037480202,195.63837805149075,18032600
2021-11-22,189.383056640625,195.30913993680912,188.43411204179827,193.66300732957075,21185800
2021-11-23,192.2008819580078,192.61725038580497,188.22110604841055,190.72903877365667,14742700
2021-11-24,196.81002807617188,197.48784563600844,191.37778021575056,191.89098599500642,12026800
2021-11-26,191.38743591308594,192.8786491475837,186.44903874084198,187.19464535809087,10987600
2021-11-29,190.07057189941406,194.87342148408655,189.17004591340344,194.63134269963427,14633500
2021-11-30,187.63043212890625,191.39717749902363,186.45876428767244,189.0829048645605,16023000
2021-12-01,184.134765625,190.5740538241768,184.0766690948308,189.81876938135136,13204900
2021-12-02,192.00718688964844,193.1207580746692,185.77125030985638,185.91649165883874,13976300
2021-12-03,190.09963989257812,192.1815115829043,187.89186772764356,191.98785150536742,10660500
2021-12-06,196.258056640625,197.74926985928641,191.47459345074353,192.47195661470607,10722100
2021-12-07,200.79949951171875,201.35144621623817,199.36639728686995,199.47291253991847,11897200
2021-12-08,202.36817932128906,202.84264426702507,199.19210695564635,201.080318457276,11749200
2021-12-09,204.6920928955078,205.47642562642,200.60580270022237,201.9130337686182,10176800
2021-12-10,206.63845825195312,207.46153208400028,204.1789441393548,205.18598544856454,8882700
2021-12-13,204.33384704589844,206.56097462749102,203.32679111450858,205.71853048241553,8844300
2021-12-14,203.32676696777344,206.60935402342,201.84524629157184,204.0530031727865,9832300
2021-12-15,205.5829620361328,205.75726642501942,201.2739630997125,202.76516174753672,10892500
2021-12-16,207.5777130126953,209.4175206543349,204.90516853022976,208.46856117351714,8548400
2021-12-17,205.16664123535156,206.45450229928386,201.20622060779627,206.05748949811982,11578400
2021-12-20,202.12611389160156,203.12347733461053,200.30567664402005,202.4650153358891,9434400
2021-12-21,208.55567932128906,209.3109638026621,203.6947341197672,203.9368128580358,6993700
2021-12-22,211.053955078125,212.00289969129116,207.07417962635165,207.07417962635165,6003400
2021-12-23,209.75637817382812,211.59618543027122,209.75637817382812,211.51871846181234,4798200
2021-12-27,210.73439025878906,211.2088551347577,208.07152410885848,210.7827941867186,4818400
2021-12-28,211.14111328125,212.76787557844932,208.7493737708336,209.16574217714674,4279800
2021-12-29,211.2572784423828,212.00288511770185,210.44389740129702,210.860265752574,3223100
2021-12-30,210.96681213378906,212.20625431516038,210.2696240598532,211.06364955668096,3812800
2021-12-31,209.8435516357422,211.0733010562161,208.66220614535922,209.94037427123857,4723300
2022-01-03,214.41397094726562,215.02401409005606,210.13402066803292,210.62787074564935,7694500
2022-01-04,215.411376953125,219.604168203554,214.78196329249482,214.965945519828,10629300
2022-01-05,213.02931213378906,218.13233661153672,212.95184515633895,215.5856632883819,9594600
2022-01-06,212.7872314453125,214.8787954916014,210.65694129830638,210.89902005990515,7877500
2022-01-07,210.0856475830078,213.2229790057939,208.80746457719448,210.42454899795604,10702100
2022-01-10,205.2537384033203,207.41307678641658,199.95705399913876,207.20004629746737,11978600
2022-01-11,207.58738708496094,208.13931898544945,202.1260907429915,204.7211680090657,8803100
2022-01-12,208.875244140625,210.68598854045447,207.03543669625552,207.68420600113927,6923300
2022-01-13,208.187744140625,213.4941066914,207.85852055643187,209.97913296544968,8867700
2022-01-14,207.86819458007812,211.33476430832235,206.93862038581952,207.38403704443476,8838100
2022-01-18,208.875244140625,210.03721923557075,207.53896465501415,209.03985592467177,9099300
2022-01-19,207.8778533935547,211.31537453719702,205.38929157118295,206.25109131477203,9399800
2022-01-20,207.55831909179688,212.64197266867475,207.16130640924158,207.91659090149545,8532700
2022-01-21,199.40512084960938,208.7687408406545,199.29862037323372,208.63317731807587,16200200
2022-01-24,195.4544219970703,196.29685146265552,189.45085615284333,195.7739529992933,16054000
2022-01-25,195.59963989257812,198.87254948620821,190.74838681633602,193.2950453479212,12125500
2022-01-26,199.34701538085938,204.1789128180265,197.2167252177424,197.80739799152312,10817600
2022-01-27,199.61814880371094,204.27575677245147,199.32766609854917,202.86201024762983,12009800
2022-01-28,220.7758331298828,220.89202620869239,209.25288985472113,213.64903371502837,26425300
2022-01-31,219.0038299560547,219.20718263335826,215.01437637083467,218.4034793069085,12380600
2022-02-01,224.99766540527344,227.1763740721356,219.2458721607072,219.71065920588327,12247200
2022-02-02,227.96072387695312,228.3771070253683,222.72213598899305,223.97127065892371,10590500
2022-02-03,224.20364379882812,226.09186982865407,223.2450214255527,225.65611626773176,9968000
2022-02-04,221.1534881591797,222.92550658974577,217.8224818050216,221.26000341266672,10848100
2022-02-07,219.9624786376953,222.6350232008354,218.84890732156583,220.77585983839225,5984500
2022-02-08,220.7177734375,221.2600275962233,217.62884552407522,219.0909961860125,7542000
2022-02-09,223.5548858642578,225.7626429468429,222.82864959300443,222.83834219948926,7772800
2022-02-10,218.79759216308594,223.0263152929257,218.09926982609556,221.16412732740284,6794600
2022-02-11,217.9246826171875,222.20190295615848,216.8092997454677,220.40759974476552,7535200
2022-02-14,218.5551300048828,220.41731805956692,216.10130813079218,216.56685144462443,8280800
2022-02-15,220.96044921875,222.3861745635286,218.13806446001004,220.42700651187158,9461700
2022-02-16,221.9303436279297,222.95842515442905,218.8072951421369,220.6500811085768,9561300
2022-02-17,217.84713745117188,221.92067518320485,217.42038320126576,221.5230164685781,8131200
2022-02-18,215.9849090576172,218.9430779225742,215.1604962462942,217.83740338936857,8121200
2022-02-22,214.65614318847656,217.5852014421062,213.2982877946833,214.36517311842425,9928800
2022-02-23,209.44784545898438,217.52703490487244,208.93380469034187,216.13039025069122,8669900
2022-02-24,210.75717163085938,211.3003078476651,195.38440398339114,197.24659164073304,13463400
2022-02-25,212.66786193847656,214.03539608929262,207.79900822048367,210.74746838316898,8463600
2022-02-28,209.6127166748047,212.0665382984115,206.81944227759092,209.49633455806557,8409400
2022-03-01,202.67799377441406,208.6719092156311,201.03887666527302,208.0220844373322,9317800
2022-03-02,202.20274353027344,204.20071535754502,199.98170105803976,200.67031494446496,8865700
2022-03-03,200.99041748046875,205.13185433352785,200.34059257836086,204.21046125738548,8610000
2022-03-04,194.25933837890625,200.15627368588346,190.93262146754324,198.8275285964222,10912300
2022-03-07,184.9581298828125,194.15268839944724,184.32770692815654,193.82292915545352,13412400
2022-03-08,185.9376983642578,190.50587394092267,181.04944237469093,184.28887281579117,11070900
2022-03-09,193.74534606933594,194.46307046014923,189.36145109654404,190.58350795720358,8457600
2022-03-10,192.0092010498047,193.91988629565995,190.38948587984643,190.97141123228764,7061600
2022-03-11,190.78717041015625,194.79280818809036,190.54469778052578,194.70552159326854,5432100
2022-03-14,194.29815673828125,198.27469872646543,192.19349622563826,192.4456624163165,7994700
2022-03-15,199.9332275390625,200.19510211848564,195.33594123069372,196.00516804513367,8277700
2022-03-16,205.49070739746094,207.23651335841691,200.76734512476384,203.6770167932387,9232300
2022-03-17,207.02310180664062,207.11038839032642,202.4355243831341,203.6090834731843,6668500
2022-03-18,212.51266479492188,212.65814242057144,203.9582252222906,205.32577410080265,14620800
2022-03-21,210.50502014160156,211.49431256033031,208.09000235384994,209.826099775554,6101500
2022-03-22,211.89198303222656,212.95886852368594,210.64081597411922,211.28094726899485,6259900
2022-03-23,208.21604919433594,210.74746355069348,207.7505059791874,208.81739126322776,6008000
2022-03-24,210.7668914794922,211.106359056988,207.5565564554839,208.51675332947056,5487000
2022-03-25,211.8531494140625,212.33809460592659,209.19565923423298,211.8434558379922,5051400
2022-03-28,214.1226806640625,214.32634933465954,210.96082888846908,211.92102559076574,4316800
2022-03-29,221.25140380859375,221.920630584239,217.04208282474409,218.07016432962084,8032500
2022-03-30,217.20697021484375,219.35043468912323,216.02370264432184,219.04006263157783,7084000
2022-03-31,215.09262084960938,219.11766051461314,213.80266470556356,217.16818593266063,10759500
2022-04-01,219.5443878173828,219.8062623647661,215.53873579743663,216.36314854321415,6559600
2022-04-04,220.88287353515625,222.3377093229453,218.1865790590689,218.96247963973912,8521200
2022-04-05,219.2825469970703,222.09523842165152,218.52603356547553,220.00027131907137,4658000
2022-04-06,212.4156951904297,216.1594727971531,212.03743851925557,216.0721862113483,7430000
2022-04-07,209.64181518554688,212.09563684405234,207.2461845862386,211.73678211276734,6995100
2022-04-08,210.44680786132812,212.80364915074435,206.66424134665087,208.3421475391254,5438600
2022-04-11,208.2839813232422,210.7572050159385,206.9843316272495,208.76892656497267,6942700
2022-04-12,205.0348358154297,210.456534694441,204.35591545829658,209.9812830447709,7446600
2022-04-13,206.84852600097656,207.41106419869826,200.93218874851794,204.09402606741637,8052900
2022-04-14,206.3829803466797,209.44783769086692,206.1308141598872,207.81842885432403,8191600
2022-04-18,206.7515411376953,209.33145323272268,205.1512278483197,205.2967054930435,4744400
2022-04-19,209.2053680419922,209.9909769421137,206.04353048860023,206.68366174031178,5028800
2022-04-20,211.232421875,214.17120337695476,210.84447163810088,212.07623657925257,7178300
2022-04-21,209.93276977539062,217.1778520973957,208.86589923708226,212.9006319700717,8850300
2022-04-22,201.90208435058594,210.0394642774253,201.6887072769906,209.7291070426932,6201100
2022-04-25,203.6284942626953,204.19103249200708,199.14760518011144,200.13689756954616,6839400
2022-04-26,195.0449981689453,202.2803734823955,195.0449981689453,200.7479446166979,8155300
2022-04-27,207.66322326660156,215.12168242011225,206.63514186430922,210.82506047733966,15955800
2022-04-28,214.0160369873047,218.1574586836658,212.66788981133138,213.76385599077815,10799100
2022-04-29,206.71275329589844,214.53976141630952,205.95623994000306,212.03744231628878,7965000
2022-05-02,205.16091918945312,205.7525529371393,200.72852766937228,205.39369821782833,8803700
2022-05-03,202.28038024902344,207.17833071664037,200.05933729683164,207.17833071664037,6616900
2022-05-04,208.06094360351562,208.33251179794073,199.14764628114062,203.04661078589643,7191100
2022-05-05,199.0603485107422,208.11912300084268,196.95568772231556,205.87867812281937,7749600
2022-05-06,196.7131805419922,199.5258568181442,194.1914595500707,197.61517152181327,8825300
2022-05-09,187.18885803222656,194.7055090671994,186.29656058851356,194.0265887077823,10314100
2022-05-10,187.7513885498047,191.7958298095631,185.2199739714692,190.7871502883989,11016500
2022-05-11,190.79684448242188,192.34867507315525,185.6370203476837,187.66410257167558,9427300
2022-05-12,188.48895263671875,190.51989153584958,184.58254241790794,189.03312623384295,9308600
2022-05-13,193.60031127929688,194.87329195769686,190.94745762283486,191.43332901627718,6684500
2022-05-16,192.22044372558594,194.29026066489712,190.34498721123097,191.74429923625158,5161300
2022-05-17,198.2355499267578,199.01294720572005,194.49433386228824,197.11805153223824,7265600
2022-05-18,194.33885192871094,199.65428634083923,193.5031525103246,197.0888858888936,8748200
2022-05-19,191.79286193847656,194.75668029328978,187.84758874351303,190.80169500876275,9012400
2022-05-20,193.40597534179688,195.96166374371506,188.53754907442737,194.0278901633428,6966600
2022-05-23,201.6949462890625,202.08365233086727,195.0968187728823,195.20371108092618,12187400
2022-05-24,196.9042510986328,198.8865999145672,193.40597103802082,198.14808071404627,7458500
2022-05-25,198.08006286621094,199.15869804394862,194.80529414238887,194.9218985418353,5457200
2022-05-26,202.65696716308594,203.81334348609278,198.88660029364215,199.31416950493397,9212300
2022-05-27,206.86463928222656,207.20474041049505,203.71618685718659,204.06601490441324,4897200
2022-05-31,206.1746826171875,208.29308978074457,203.20115181218617,204.43526940683594,9586400
2022-06-01,203.99798583984375,208.0598789908803,202.91936542384542,206.0580909308143,5246100
2022-06-02,208.97329711914062,209.1676427182796,205.11547692437563,205.90258623884074,5337200
2022-06-03,206.64114379882812,208.15707533975137,205.30014853654973,206.93266966545266,4352500
2022-06-06,206.9228973388672,211.43178297025918,206.09691009514313,209.36196623012472,3965100
2022-06-07,208.43882751464844,208.89554781009744,204.76564097122912,205.1543321544283,4493300
2022-06-08,207.4670867919922,209.4786014954758,206.8160208984697,207.71973458082203,3646300
2022-06-09,200.28591918945312,207.67117077249364,200.19846589167653,206.58280869889262,5138600
2022-06-10,193.87237548828125,197.6718929010044,193.55169862665232,195.9519042168553,5162500
2022-06-13,186.82725524902344,190.35468616639142,185.6806059245207,187.5366381304032,7119200
2022-06-14,188.05165100097656,188.8484723026889,186.33166227440321,187.27425387733314,6441200
2022-06-15,190.61709594726562,193.21164778070434,186.7981385372327,190.4421745102006,6490000
2022-06-16,183.7080078125,186.44831522336693,182.23095437556438,186.00132176947082,9887200
2022-06-17,184.64085388183594,185.90412255435263,180.6567170871223,181.6478841198001,15089300
2022-06-21,188.89707946777344,191.170954027065,188.2557256707574,190.1797870618055,6241600
2022-06-22,188.3432159423828,190.84058748431934,185.63204494867676,185.84582957282635,5138500
2022-06-23,191.08351135253906,191.88034759812933,187.98364932233622,190.59763993282374,4752800
2022-06-24,199.702880859375,199.82921218299626,191.9289375496648,192.14272217689143,7754800
2022-06-27,197.80795288085938,201.2382036205886,196.88480022892068,199.93607188721748,6121200
2022-06-28,192.52169799804688,200.94670713525184,191.9192221467789,198.23555097692605,4354200
2022-06-29,193.86270141601562,194.97048768814523,191.74430908922824,191.74430908922824,4324600
2022-06-30,191.32644653320312,193.23106901737154,187.4006119969142,189.84939326962063,7045200
2022-07-01,193.55172729492188,194.1542179246227,189.20805054160047,191.2292625539313,4131800
2022-07-05,194.873291015625,194.9024569404993,188.6541431406756,190.685081996818,4110200
2022-07-06,195.4369354248047,196.78765751883094,193.0561681863927,194.34858807641533,4111200
2022-07-07,197.06944274902344,197.68163063006742,194.3874231321166,196.8167801314201,4650700
2022-07-08,197.81768798828125,198.3327104836636,194.79556730130764,196.60300949396097,3621800
2022-07-11,199.26559448242188,200.89813024660322,196.29206361395637,196.29206361395637,5353600
2022-07-12,199.03237915039062,202.23911871740046,197.0305764091429,197.50673574716512,6779500
2022-07-13,198.38128662109375,199.76117444492593,193.86268853368676,194.7664022201208,7597300
2022-07-14,200.09158325195312,200.25677776494055,192.38565437715943,194.34857917859682,5605500
2022-07-15,204.10488891601562,205.72771274029387,201.3257034011869,203.45382289898225,7245700
2022-07-18,201.35482788085938,206.89375875893998,200.80092737924227,205.52359788110428,4648900
2022-07-19,207.62257385253906,208.05985515469416,202.02532573657405,202.3362905552915,4927100
2022-07-20,207.3407745361328,208.0793086180836,205.24182117444985,206.0094915291085,4460300
2022-07-21,210.0811004638672,210.7710296211749,206.71886349706483,207.1269937368004,4801300
2022-07-22,207.6614227294922,211.9079486301815,206.12606740503008,211.77189041065546,5071500
2022-07-25,208.21534729003906,208.73036982093083,205.6402198079608,208.5165852049811,4357200
2022-07-26,206.48565673828125,209.0704816155787,205.7665616453554,207.80722769189458,6141000
2022-07-27,204.5227508544922,210.722475953223,195.51468907257345,204.8142767206697,17432200
2022-07-28,205.3778533935547,206.70913632803357,202.04476777074242,204.68790945895344,7477100
2022-07-29,206.1163787841797,208.10845461421584,203.90080624790727,206.00948647639376,6059700
2022-08-01,205.38754272460938,207.94323083340345,201.69491740812208,202.55976783932206,8028400
2022-08-02,200.43165588378906,202.93875397820096,198.1674934788246,201.92814803425136,9939400
2022-08-03,202.5889434814453,204.38667366959857,201.0341638313308,202.11279897869895,9520100
2022-08-04,207.4379425048828,208.80810344983882,202.6569695744586,204.5810162205469,6789700
2022-08-05,209.77011108398438,209.84785228640646,204.55185705270335,204.75592956251367,5553700
2022-08-08,207.2921905517578,210.50865699224047,206.05807298842774,209.1482081143813,4063400
2022-08-09,204.3186492919922,207.41851140125848,203.8230657691853,206.00948721367,4596800
2022-08-10,206.10667419433594,208.7692402399794,205.33898900294804,208.75952814896152,5746400
2022-08-11,205.47877502441406,207.83455603162764,205.00177233530488,207.63012206375763,6639600
2022-08-12,205.72215270996094,207.56199910985745,204.52479612688725,207.34783583758318,6443700
2022-08-15,210.67710876464844,210.988624421336,204.78764770862054,204.78764770862054,5290600
2022-08-16,211.3779754638672,211.83550473888343,206.50092609978506,208.85670723184631,6564400
2022-08-17,208.8275146484375,210.44345370170325,207.10447910036024,209.29477323890694,4902500
2022-08-18,209.5381317138672,210.26822973377614,206.79295602914607,208.1947466039924,4516400
2022-08-19,207.17263793945312,209.51867514336473,206.75404065031708,208.42840009909432,4178800
2022-08-22,203.07432556152344,205.64426992644897,202.67520175673454,204.3690344635262,5139500
2022-08-23,201.31231689453125,203.74597639554378,201.04947750933584,202.4804704842415,3525500
2022-08-24,201.185791015625,202.82121816143044,200.22205636610317,201.146858993671,4230800
2022-08-25,204.25222778320312,204.3398359800615,201.02032010730457,201.88670249085146,4495000
2022-08-26,197.506103515625,204.68052819354804,197.321142985419,204.20354035657607,5060200
2022-08-29,196.96092224121094,198.54767290631744,195.2962926936702,195.90957960916597,4476200
2022-08-30,196.03616333007812,198.98575773461613,194.8972123588696,198.50875508012496,3918200
2022-08-31,193.43702697753906,197.77866785251436,193.36887737155052,195.66625287508487,6559000
2022-09-01,194.8193359375,195.11136322571073,191.44141500097905,193.44674826738807,5608300
2022-09-02,192.51222229003906,197.10697324801328,191.62638139882029,197.0680412263508,4508100
2022-09-06,193.368896484375,194.7317402000408,191.18833168542724,192.6485277467331,4547800
2022-09-07,195.10165405273438,195.80254932447644,191.9865722082596,193.4370389227584,4098300
2022-09-08,195.3839569091797,195.7733365495583,191.73346707857573,192.16177874143978,4377600
2022-09-09,199.7548065185547,200.92296032841773,196.00697909299902,196.70787434969316,4885600
2022-09-12,201.14688110351562,201.69201859407806,199.5114537779458,201.02032602396272,3812300
2022-09-13,194.37155151367188,198.07071761624226,193.5927773572547,196.68840054419553,5217900
2022-09-14,194.1184539794922,195.54944720485904,192.8042716773777,194.69279415732476,4632800
2022-09-15,190.1856231689453,194.99453685198765,189.36791711901918,192.8334459672692,6099300
2022-09-16,188.1705780029297,188.67678339852282,183.22537952536138,185.17230735807897,9398200
2022-09-19,188.005126953125,188.84230667580462,185.6493456064877,186.50598391643,8133600
2022-09-20,186.97325134277344,187.9077685332385,185.24047162993202,186.02899000510828,5292500
2022-09-21,182.0572509765625,187.96617004209588,182.03777753645542,187.4210325501587,6705900
2022-09-22,180.85986328125,182.2421951811282,179.75985910290137,181.4050155781857,6604700
2022-09-23,179.07843017578125,179.68197305602956,177.39432689076466,178.601427505142,10755800
2022-09-26,175.79783630371094,179.60408359136423,175.1261438583745,178.18281980880946,9914600
2022-09-27,173.1500244140625,179.94481333783165,172.32258898618628,177.66689645349524,9799600
2022-09-28,174.42527770996094,175.320877688692,170.19071809313954,172.55622855542234,9751000
2022-09-29,175.28192138671875,177.4040805813807,173.98721251436493,174.08456485365346,9105200
2022-09-30,172.93588256835938,178.0660422717597,172.88722124895773,175.28193449416307,9472300
2022-10-03,176.82972717285156,178.4943571251608,173.42260322074358,174.58102774108136,8842300
2022-10-04,180.72360229492188,181.26875466236652,178.21207801514004,180.1395327534846,7081400
2022-10-05,182.6899871826172,183.80947969546767,177.52089571683092,178.4748862781883,6119900
2022-10-06,180.66517639160156,183.0599043168944,180.33420220350106,181.69704583325696,5163000
2022-10-07,178.95191955566406,179.71122041741637,177.10232872651312,178.581998419057,5610300
2022-10-10,177.3456573486328,179.8766695896918,176.09962466641707,179.24392395636767,4743800
2022-10-11,174.3863525390625,176.82001270894665,173.46156464528312,175.5837091835583,6294500
2022-10-12,173.51022338867188,175.79785480621848,173.4907499501819,174.33765885097884,4884300
2022-10-13,179.75987243652344,180.45102358384713,169.96682661186546,170.35620628467746,8426400
2022-10-14,177.7740020751953,182.1643344970031,177.23860872472557,181.83334542729617,6449400
2022-10-17,180.33421325683594,183.56612099675453,177.99790550437322,181.06431128621585,13952100
2022-10-18,182.20326232910156,185.14312788487047,180.81121588371514,184.4617060286015,5209200
2022-10-19,181.46340942382812,182.66076586345653,179.85718507419946,180.56782441701108,4927000
2022-10-20,182.25196838378906,185.9121884217927,181.48292334899978,181.51214094052122,5706700
2022-10-21,185.31837463378906,185.8829856511372,180.13955282406434,180.8696509726186,7582500
2022-10-24,185.64932250976562,188.00510356331904,184.08204490487032,186.3307443262676,7299200
2022-10-25,189.221923828125,190.04935925787723,185.65904227258721,185.80505592081383,11907200
2022-10-26,197.9344482421875,200.89377243602004,191.28568695881222,191.36356586573976,15450000
2022-10-27,198.86895751953125,200.84510313983446,196.2406076441128,197.92471108850685,7946700
2022-10-28,203.78494262695312,205.90710179215947,197.9149561132618,199.56011258878547,8455600
2022-10-31,201.66278076171875,204.05749358616083,200.72824890206428,203.37607184155863,8674100
2022-11-01,201.4388885498047,204.3982272834142,199.88135513821962,203.36635787044233,5919500
2022-11-02,195.61756896972656,201.5070285726999,195.25739207769342,200.29992798167908,6985600
2022-11-03,189.5821075439453,193.5733157495809,189.02722595297803,193.01843415861364,8236200
2022-11-04,191.75291442871094,196.10429924016816,190.1564342304812,191.77238786575333,9680100
2022-11-07,194.7901611328125,195.12113534281835,191.937903760066,193.05739632291997,7821300
2022-11-08,196.42559814453125,198.70350072708067,194.43973778243583,196.30878719790337,6943700
2022-11-09,189.205810546875,196.4255536663345,188.62043562610666,195.81089585680058,7320200
2022-11-10,200.56227111816406,200.74763016603794,195.14746751299754,198.14267381265105,8048900
2022-11-11,200.0061798095703,201.4013377229297,197.22560013543313,200.9818197110804,9601000
2022-11-14,201.82086181640625,204.07458750863103,198.25978228609787,198.54271129487486,5796100
2022-11-15,204.87460327148438,208.52348653003426,202.4550058923632,204.87460327148438,7316100
2022-11-16,205.02093505859375,205.7526648660581,203.14770853793476,203.49893944100089,6125300
2022-11-17,205.8502655029297,206.13319452037285,202.2696688973851,202.89407783075094,5385600
2022-11-18,205.66485595703125,208.95275704962322,204.63068023574598,207.97711732960607,8028500
2022-11-21,201.29403686523438,205.42098958766715,200.87450395538082,205.1770796059404,10450900
2022-11-22,205.2063446044922,205.35268463654938,200.34766200810668,202.48430091155964,5273100
2022-11-23,206.5722198486328,207.6454296310704,204.80631411423485,204.88436708814692,3807300
2022-11-25,208.5820770263672,208.7869679845201,206.24054689165538,206.5527588493959,1993500
2022-11-28,206.11366271972656,209.24547308777366,205.51852183489254,207.08930253833435,10229400
2022-11-29,203.96728515625,205.03072912671828,202.29894918186102,204.25022907795002,8986900
2022-11-30,211.71383666992188,211.71383666992188,202.94282950567563,203.14772041405934,13918100
2022-12-01,211.71383666992188,213.32363638562077,210.0552519867905,211.71383666992188,11261500
2022-12-02,212.3577880859375,213.15780507726765,209.02110135343787,210.4747953032584,5132800
2022-12-05,208.47470092773438,211.62602813406656,207.86005798989441,210.39671248422346,9006300
2022-12-06,203.9867706298828,206.96247498941355,202.58184693967277,206.83563705188345,5986000
2022-12-07,202.74769592285156,203.9282265814816,200.1329885146983,203.71358464354887,7923800
2022-12-08,204.0063018798828,205.17706674134743,202.6891821063083,204.40630291065088,4896500
2022-12-09,203.61602783203125,205.39169945350488,202.46477998810795,202.84527892312624,4928400
2022-12-12,209.36253356933594,209.5869414339533,204.36726273709664,204.88435062150822,5941700
2022-12-13,207.85031127929688,214.62125435658086,207.44054432049506,214.19197043200288,14585000
2022-12-14,208.1234893798828,211.01137485247793,206.47465573517266,207.66493748270017,7001700
2022-12-15,202.84527587890625,206.6600310977897,201.78183206200484,204.49410953493467,10831800
2022-12-16,201.85011291503906,203.32332361930267,200.2988492421475,202.43550273620798,12472900
2022-12-19,199.83055114746094,202.41599066477153,198.98173439754157,201.5964568049918,4893600
2022-12-20,200.35739135742188,201.49888814514162,198.59148568871657,198.91344861147064,5024900
2022-12-21,201.77206420898438,202.8940589087474,200.5720314260263,201.5379201852356,4086900
2022-12-22,200.064697265625,201.61596099224553,197.2060797651387,200.73789111716127,5690300
2022-12-23,200.81594848632812,201.2159643905059,198.56222285545113,199.1573637486895,3246000
2022-12-27,201.26475524902344,201.84039412373664,199.6159362672338,200.90377323764304,2904900
2022-12-28,199.99642944335938,203.45018815601836,199.8110554795149,201.64524837731346,3139200
2022-12-29,202.99160766601562,203.4501595477566,200.4939722428792,200.9330071608853,3675500
2022-12-30,202.6989288330078,202.97210679863468,200.68911313428904,201.28425403520814,4159400
2023-01-03,202.3379364013672,207.15759936849938,201.13790362242318,204.18189501763013,4202800
2023-01-04,207.4307861328125,208.0064100631676,204.5136176637473,204.5136176637473,6606200
2023-01-05,205.96731567382812,208.94301999646237,205.33315576820453,208.59178907826487,5246000
2023-01-06,212.44558715820312,212.8260861218091,207.8991016741333,208.78693755157505,6829700
2023-01-09,213.27490234375,216.79696321354257,213.03099235245435,213.73345431835259,6294500
2023-01-10,215.7042236328125,216.97255849031163,212.8651079283433,213.65538875877562,10857000
2023-01-11,216.68960571289062,216.7676437963227,214.3480612587174,215.89932496909245,5408200
2023-01-12,218.17257690429688,218.35795085638014,215.23590633653288,216.68961506179605,4264400
2023-01-13,217.62620544433594,218.30915030821072,214.77733909282864,216.50422565990462,4283200
2023-01-17,217.5676727294922,218.933562477894,216.95301489917054,216.9627808247831,6101100
2023-01-18,214.1139373779297,219.50922479298097,214.09442041169459,218.62138891782485,6558000
2023-01-19,215.040771484375,216.12373225581098,212.20165609884256,212.78704593256867,4853100
2023-01-20,218.8457489013672,218.9628209069453,215.04075984926783,215.75297269500314,5211000
2023-01-23,218.71893310546875,220.68972975894226,217.71402525700807,219.12871494062517,5501500
2023-01-24,218.43600463867188,224.39716469630486,211.35286471239044,216.61156288957272,5274900
2023-01-25,219.42140197753906,219.48970391460287,215.7822694114281,216.22130437785125,4729600
2023-01-26,219.2360382080078,221.5482998988106,218.22136442277903,220.49460706972658,7043400
2023-01-27,225.8020782470703,227.1679680155835,221.7141450931232,222.4458749449157,11382600
2023-01-30,223.5190887451172,224.80692556639738,222.3775770549404,224.59228361500365,5677400
2023-01-31,224.60206604003906,225.17769000329707,222.88493030274964,223.23616125927853,11294200
2023-02-01,225.27525329589844,226.99238909596338,222.25077845301982,223.78252539784992,5792700
2023-02-02,223.96786499023438,228.592402895951,222.80685127282092,228.2606889444276,7190000
2023-02-03,224.5240020751953,225.23621499296902,222.09465350415996,223.11907831782946,5243600
2023-02-06,223.850830078125,224.65084708715023,222.48492523071303,223.12885116361792,3402400
2023-02-07,225.68502807617188,226.47529401065563,222.39711150070136,222.46541343927817,4042600
2023-02-08,224.59226989746094,226.21183547284653,224.38739388451438,224.72885886845242,4978600
2023-02-09,224.2012481689453,227.26097156893152,223.98618583204671,227.19255077968515,5238400
2023-02-10,222.09950256347656,224.74867136267642,221.08285646038672,223.82000123734417,4509700
2023-02-13,223.7418212890625,224.67049152186675,221.19041322515315,221.78671978158377,4946700
2023-02-14,224.2403564453125,226.22478319043773,222.070192678958,223.5365187418332,4829400
2023-02-15,223.78091430664062,223.92755586784088,221.708511504594,222.48077002844929,4407300
2023-02-16,220.76026916503906,223.23347116201126,220.60385747824697,220.99488669522722,3865900
2023-02-17,218.54124450683594,219.72408748410362,216.76210988832116,219.14732120203186,4520200
2023-02-21,215.66725158691406,217.44640119333943,215.05140472920183,215.2175865743776,7276100
2023-02-22,215.08070373535156,216.7718622269107,214.5234926906892,215.46194790203228,4621800
2023-02-23,216.165771484375,217.10421171827878,214.0151482061818,216.5861110875064,5533800
2023-02-24,214.6212615966797,215.29577397391017,212.57818419045992,213.57527517604925,4414400
2023-02-27,215.4032745361328,216.46880107986132,214.41593891188558,215.77473361050176,4255300
2023-02-28,215.00250244140625,216.79142200484006,214.57237774861474,215.06115309656147,5385400
2023-03-01,213.45797729492188,215.32510276295704,211.57129663580395,214.53328906086892,4792700
2023-03-02,214.1422882080078,214.67017402353886,212.21651182767576,212.99855549601364,5539300
2023-03-03,218.74652099609375,218.99090866738518,214.96338970145916,215.25665789025686,6055400
2023-03-06,221.6596221923828,222.31457937429244,218.66831942392633,218.90292204655665,5737600
2023-03-07,218.1599884033203,222.27548342241278,218.07201242002665,221.65962170687715,4386800
2023-03-08,217.20201110839844,217.9253891422468,216.21467527005115,216.97717860460025,4194900
2023-03-09,215.07093811035156,219.333060035912,214.72880429286704,216.42973307498312,5066700
2023-03-10,211.28781127929688,214.20090823808007,210.6426242264737,214.11293225348786,6638900
2023-03-13,209.65528869628906,212.9594146601421,207.72951272618715,209.81170037988616,6810800
2023-03-14,213.75125122070312,214.93407927868202,211.19005810492135,213.10606414385606,7985600
2023-03-15,211.51263427734375,212.040519993692,208.87325044432112,209.59664331196,8372200
2023-03-16,212.56838989257812,212.69547625268603,204.07347219629517,210.33957556158717,13674600
2023-03-17,212.50978088378906,213.7512746526832,210.04634853975097,210.04634853975097,18801200
2023-03-20,213.25267028808594,215.59880081936055,211.97208131143188,212.1284929967647,9817400
2023-03-21,216.9674072265625,217.51483331357264,213.77081178447705,216.3711006140174,8971400
2023-03-22,215.10028076171875,219.85117845161895,214.9829794338483,217.5050623967575,6700600
2023-03-23,217.59300231933594,220.19329070848798,215.31530744458908,215.49127432346444,6427700
2023-03-24,216.0778045654297,216.36130262729768,213.3504446200307,215.7161155722604,4791500
2023-03-27,216.8305206298828,219.0495649184512,216.4199511215722,217.59300899049396,7210900
2023-03-28,215.38375854492188,218.31641079502361,213.74146552841972,217.81786528235295,6418400
2023-03-29,218.28707885742188,218.5314665375318,215.96050336957865,217.29974308338407,4483000
2023-03-30,217.36817932128906,219.20597945337389,216.2440019565505,218.89315606227848,5383900
2023-03-31,220.3986053466797,220.77006449990884,218.2773070285119,218.58036029985098,9509000
2023-04-03,223.85911560058594,224.01552729618706,219.08866329843332,220.17374519777573,6421500
2023-04-04,222.5492401123047,224.88558615236082,221.73787108031962,223.8591547303921,5254700
2023-04-05,223.04774475097656,223.3410129485923,221.46411736658786,221.68894985438916,4813600
2023-04-06,220.91671752929688,221.6400955973894,219.636113411845,221.08289938051385,4285200
2023-04-10,221.34683227539062,221.39571280124278,219.2842142971064,220.4963678072835,4952200
2023-04-11,223.3214569091797,223.99596928626082,221.12196780977956,221.90401136170317,4513300
2023-04-12,222.69586181640625,226.39100292014103,222.22664157428318,224.76826489233892,4373000
2023-04-13,227.46627807617188,227.61290471680735,223.66360639454376,224.30879344582016,7615500
2023-04-14,228.76644897460938,229.71467447119102,227.02640969384433,227.75957281493888,9781300
2023-04-17,228.23855590820312,228.7957670222919,225.7555834469564,228.76644169168105,4865000
2023-04-18,228.35586547851562,229.06947336294323,226.48873993086113,228.5024921272881,4796200
2023-04-19,227.34898376464844,228.80552482728066,226.64514603544387,228.7468741692204,3833900
2023-04-20,229.33340454101562,229.40182533487,226.302991346979,227.24144659994369,4925700
2023-04-21,228.79574584960938,230.28162710010176,228.14078866617444,229.72441603757713,6771500
2023-04-24,227.53468322753906,229.87102867723658,226.3127449187801,228.9716838719387,9124100
2023-04-25,224.43588256835938,229.74399112094162,224.2794708618718,227.7888895385708,6076500
2023-04-26,223.0281982421875,227.54449286230383,221.63030782574629,226.02928621250535,8400400
2023-04-27,223.86888122558594,224.47497280476367,221.52276550381924,223.536517566313,7128200
2023-04-28,227.50535583496094,228.32650970733,222.94019614485228,223.51694744145038,11627900
2023-05-01,227.29034423828125,229.32365180942213,226.31279338193903,227.64226314321414,4571100
2023-05-02,221.88446044921875,227.15345828561559,221.13175712704805,226.74288876909327,5244000
2023-05-03,220.9069366455078,223.53655081550036,220.84828598117585,221.88448749435307,4093300
2023-05-04,220.5354766845703,220.9851417203502,218.46305874931682,219.79252849568536,5648700
2023-05-05,226.57669067382812,227.12411665656967,222.18748284266778,223.21391401842786,6237500
2023-05-08,227.01661682128906,228.20922998383162,226.0586212192642,226.0586212192642,2938400
2023-05-09,228.0234832763672,228.83485219131117,225.63827196867442,225.89242979460934,4352100
2023-05-10,226.07815551757812,229.53867844700505,223.76135020577874,229.040132957752,5245000
2023-05-11,226.26426696777344,226.76379940580452,223.5805654110368,226.00961362850788,3818000
2023-05-12,226.6266326904297,227.94888989868863,225.09868305671588,227.2338908922085,3432700
2023-05-15,228.0272674560547,228.04686077092325,225.81370112615602,226.44055269406752,2843200
2023-05-16,225.73533630371094,228.3113116304675,224.91259644679548,227.78239676150767,4289700
2023-05-17,227.8705596923828,229.08509119103675,225.8137099107764,227.9489180095851,4990100
2023-05-18,228.80105590820312,229.33974505409344,226.38179703566271,227.6256960927166,6621900
2023-05-19,228.51702880859375,229.52586796329945,227.17517797949097,229.19285628890236,5399400
2023-05-22,226.52870178222656,229.06549057131232,226.43075015251685,228.51699731370678,3987800
2023-05-23,219.96636962890625,224.77550522251673,219.06527133147023,224.56002357037747,8537200
2023-05-24,217.68423461914062,218.51677872742138,215.50983971888274,217.97807459531748,6730800
2023-05-25,218.791015625,220.07410135356088,215.96038670658572,217.88011323402415,6827600
2023-05-26,220.3874969482422,221.5628566792381,218.75180642183392,219.22195629236023,5067300
2023-05-30,217.0867462158203,220.8380665451558,215.23557395910433,220.38750996229237,6916000
2023-05-31,216.4893035888672,216.97903191711333,211.69976113643273,215.44129273798814,20460600
2023-06-01,221.84690856933594,222.05260102077187,217.86051323718368,218.15435319124038,7003600
2023-06-02,224.0898895263672,225.53949618818172,222.74803864358728,224.10948284485738,5897100
2023-06-05,222.1113739013672,223.63932378227707,220.68136071173635,223.22795381013376,4858900
2023-06-06,223.53158569335938,224.5404247923295,221.51390749541912,222.03301829604175,6020100
2023-06-07,220.6421661376953,222.87532572358901,216.47947608442468,222.33662166880768,8517200
2023-06-08,218.46775817871094,220.5148185162745,217.84090666569037,220.46584270605186,6248200
2023-06-09,218.96730041503906,220.5540152180893,218.18373219854143,219.0456587312209,6385000
2023-06-12,221.52369689941406,221.79794355113324,219.03588371729816,219.79985866784753,8621100
2023-06-13,218.81057739257812,222.48353928890822,218.0564066438289,220.98497203083116,6868700
2023-06-14,218.8497772216797,220.83807285252092,218.0074439781715,219.14361718017253,9160700
2023-06-15,221.52369689941406,222.4443884924663,216.82230224157982,217.45895799725204,12534000
2023-06-16,224.2073974609375,225.07911317323743,221.43553369264606,221.79792782558363,13628900
2023-06-20,221.8175506591797,224.85387227883746,221.53349985881732,222.33666149258943,12312300
2023-06-21,222.58151245117188,223.93316734228918,220.3581417834712,221.47472171016588,7032100
2023-06-22,223.69808959960938,224.2269895813395,220.8674606572911,221.70979392102532,6275500
2023-06-23,224.834228515625,225.25538761055583,221.7391425821401,222.55209321978248,5424400
2023-06-26,221.6510009765625,225.37293853192114,221.55304935195323,224.72649367826693,5165400
2023-06-27,222.66964721679688,223.91356121287347,221.8665006219565,222.80677053519992,4628500
2023-06-28,223.2769012451172,223.37483792394636,221.3767533210612,222.8263446974806,5324500
2023-06-29,229.50625610351562,229.87843941369763,223.90376368273536,224.08984786516623,7118900
2023-06-30,232.6013641357422,233.38493245517705,231.10279663703474,231.41622994293775,6879400
2023-07-03,233.08128356933594,233.50244272503792,230.5738771154527,232.13120949098342,3087400
2023-07-05,234.53086853027344,235.06957262326594,229.18304412247386,229.59441408112608,7601200
2023-07-06,233.97259521484375,234.6778051559119,231.8275828895383,233.37512609658663,6441800
2023-07-07,231.592529296875,233.54165347291556,231.27911093043696,231.86677597200435,5729500
2023-07-10,233.2673797607422,234.18807132567275,231.6414782714104,232.14099574064412,4858900
2023-07-11,235.60829162597656,235.75520414003464,233.2282042809829,233.90403173629372,3856500
2023-07-12,237.2341766357422,238.9384214611586,236.27429845981618,236.58773172836038,6116000
2023-07-13,238.31155395507812,239.25183875259822,238.15483733127147,238.78168888117827,5819600
2023-07-14,238.16468811035156,239.71223144658964,236.98934309222673,239.7024273148565,4941200
2023-07-17,238.9776153564453,240.32925526849488,238.0079479658982,238.1156887870701,4328100
2023-07-18,235.82374572753906,238.1842245344746,232.79721378361,238.10588116634375,7674000
2023-07-19,236.4604034423828,237.60636583636,235.1871069117455,236.29389761884642,4835500
2023-07-20,234.69735717773438,236.64648095509847,234.1586680694792,236.20572852774433,4695000
2023-07-21,234.33497619628906,235.41238436382557,233.82565461296994,234.81491527915907,5427400
2023-07-24,235.79437255859375,236.32327251366647,233.29675539529762,234.75613607327497,6010000
2023-07-25,233.78648376464844,235.8531376604539,233.6591496320325,235.08916275539983,4997500
2023-07-26,232.22914123535156,233.94319010376213,223.00264788893998,226.66582056517262,7551400
2023-07-27,229.62379455566406,233.75710236677267,228.174203055303,232.5425708719551,8160100
2023-07-28,230.90689086914062,231.03422500822032,228.90880600341484,229.7609284533877,6794800
2023-07-31,232.84622192382812,233.52204939401324,231.15176612800374,231.15176612800374,4799600
2023-08-01,234.85409545898438,235.78457621260875,232.13120738653177,232.2683307086941,4627300
2023-08-02,232.67970275878906,233.8844301675262,231.92551700748209,233.7277284731669,4868200
2023-08-03,233.85504150390625,234.13909227400816,230.41715437892938,231.15174679459017,5033800
2023-08-04,234.08035278320312,236.9403644397683,232.9539686559053,233.11068530853635,5169700
2023-08-07,236.5485076904297,237.20474167918434,234.29576994661943,234.30555913021809,5649800
2023-08-08,234.3741455078125,236.40162769018926,232.51318408672165,235.48093616458746,5080600
2023-08-09,234.83448791503906,236.99909338229938,234.5700454174542,235.5592911141672,4055000
2023-08-10,235.66860961914062,239.38772368721604,235.59991154906146,236.11999846408528,4778000
2023-08-11,235.55087280273438,236.21816353336646,233.96117410892205,235.51162745313297,3607100
2023-08-14,238.35736083984375,238.77932691230092,235.76673382071104,236.2181376454996,4351100
2023-08-15,235.3448028564453,238.13168678735872,234.87378380542103,237.4840262338093,3770100
2023-08-16,234.8148651123047,236.56158987296513,231.60603043175905,232.1064871775098,3218600
2023-08-17,232.9307861328125,235.88450376940062,232.0672537608659,235.51160560236764,4177600
2023-08-18,233.71580505371094,234.57935231499036,230.8994838357971,231.17424615103636,4344800
2023-08-21,234.981689453125,236.0316708119602,233.3134704215584,234.90318379500468,3573600
2023-08-22,236.07095336914062,236.91485558324018,234.20647750332333,235.51160611736805,3848400
2023-08-23,237.76861572265625,238.0041177659728,236.2181623859764,236.80694744111972,4947700
2023-08-24,234.99148559570312,239.0049917159796,234.88354219272497,237.7194934454176,4570700
2023-08-25,238.03355407714844,238.85784111875554,235.7176893125678,236.8658066148259,3541500
2023-08-28,239.26995849609375,240.64377008199816,238.06296581894748,238.46528672904736,3741500
2023-08-29,240.75173950195312,241.23258109568286,238.84801826049952,238.946154087277,3975600
2023-08-30,241.6250762939453,243.58767289457484,241.44844978713206,241.81152536675293,4573300
2023-08-31,241.08535766601562,243.38160705361895,240.85966325096987,240.99704441318343,5532600
2023-09-01,243.4699249267578,244.21570625386636,242.15498878155694,242.8418946056601,4112900
2023-09-05,240.75173950195312,244.03909504447452,240.61435832851961,243.70545719091098,4459600
2023-09-06,241.55641174316406,242.04706093098812,239.6428829053352,240.83024555475149,4520300
2023-09-07,242.51806640625,242.77319857922814,240.52603201287795,240.9087377590572,4007900
2023-09-08,242.66526794433594,243.499377550321,241.83117331177576,243.1559171305801,3309100
2023-09-11,242.59657287597656,243.7152523664864,241.66434246278905,242.70451629056188,2995800
2023-09-12,242.67507934570312,243.12646819116168,241.40919611831782,242.321811348924,3499600
2023-09-13,243.1951904296875,245.38348172456452,241.99800515348514,242.52789971460186,5657000
2023-09-14,236.9835662841797,240.94800527677552,234.2849956536145,240.41811072308084,12000000
2023-09-15,236.56161499023438,239.53494797597116,235.5410562582662,237.37607949427905,13077900
2023-09-18,240.08447265625,240.64380496393656,236.2672224391418,236.4340413720808,4771600
2023-09-19,239.00502014160156,240.5358431488684,236.94430262159787,240.41809214013227,4709000
2023-09-20,237.3368377685547,239.9569027675878,237.1503886719787,239.07374017408924,5756600
2023-09-21,232.1850128173828,236.27702530970123,231.85137495817415,236.2672177162275,6881500
2023-09-22,230.6836395263672,233.3429499188865,230.48738283266582,232.3224061275838,5935500
2023-09-25,228.99581909179688,231.06635953055198,227.86733180354167,230.9780462589689,5921600
2023-09-26,225.3551483154297,228.31867337017206,225.30609537923186,227.5925072386746,6193200
2023-09-27,225.2079620361328,226.36588685412957,223.65750891027145,225.95374336093968,6006700
2023-09-28,227.3275909423828,228.1911233524717,225.37480173590882,226.35610013592935,4203900
2023-09-29,225.7084197998047,228.671944900474,225.35515180784793,228.4854958250768,6045200
2023-10-02,226.9448699951172,227.04299084450517,224.49162415905374,224.9528355741076,5175200
2023-10-03,224.5308837890625,227.41590347156964,223.520147638174,226.1598427214669,5585700
2023-10-04,226.89578247070312,227.36680143795334,224.59954816025743,225.18831812596446,5430900
2023-10-05,229.113525390625,229.81025377953142,225.91449828816238,226.100947362944,6126200
2023-10-06,230.64434814453125,232.1653635193892,228.39718160342065,228.8093250967212,6401300
2023-10-09,230.05557250976562,230.77191606581323,227.36680981634558,228.44624392005306,5372200
2023-10-10,232.1751708984375,233.7648692648149,229.89855178140144,230.50695190217837,4644000
2023-10-11,231.2723846435547,234.04946073127343,230.4971655464136,233.10742271382162,4760900
2023-10-12,232.351806640625,233.28403701635406,230.49715348158085,232.28312354688,4472800
2023-10-13,233.22518920898438,234.18685744957074,231.8121171155532,231.96912845336232,4966800
2023-10-16,235.580322265625,236.2083526645226,233.87285759982876,234.53032575387581,6227300
2023-10-17,236.68914794921875,236.963910276487,233.83356629072654,235.1485173979948,4527600
2023-10-18,233.02890014648438,236.32606291524203,232.55788117192563,235.47233821633745,9528300
2023-10-19,229.43736267089844,233.4704994505972,229.044849323941,233.02891819191402,5927400
2023-10-20,229.01539611816406,231.36069839552647,228.289230004526,229.75136982411573,5748300
2023-10-23,227.20001220703125,230.075224240076,226.95468761258894,227.03319327962149,5071700
2023-10-24,230.26162719726562,232.10647268934,228.5345476765175,228.5345476765175,6844100
2023-10-25,232.42051696777344,234.0200230741911,226.96448563966456,227.90653863092362,10365300
2023-10-26,226.9547119140625,231.20373614158402,226.0519191066581,230.18319230773494,6414500
2023-10-27,224.98226928710938,227.06261692724647,223.7654539838349,226.8467300996748,5540900
2023-10-30,228.7210235595703,229.0154160622732,225.7280605667027,227.847668618054,5170300
2023-10-31,230.70323181152344,231.31163195413995,228.63269184004398,229.2018466397338,4828400
2023-11-01,234.1181640625,234.5695529220893,231.27238984007445,231.72379367308838,4996200
2023-11-02,238.70082092285156,238.70082092285156,234.72655965586432,235.4232880647475,6286700
2023-11-03,239.04428100585938,240.73211534424382,237.72932985379867,240.53584369800313,5029800
2023-11-06,238.9363250732422,240.2021932740065,238.0727777899775,239.43678180872138,5254100
2023-11-07,240.19239807128906,240.48679056698967,238.82839398218653,238.85783173441413,4219700
2023-11-08,239.8580780029297,240.68412000248233,238.76651714448357,239.44505700315335,5117500
2023-11-09,237.62574768066406,240.41856449454508,236.9668798763169,240.2710623761472,4866600
2023-11-10,241.17579650878906,241.19546846126346,237.95028654693473,239.9268901194707,4094400
2023-11-13,240.6054229736328,241.59863896798004,240.0547283626956,240.92994265621425,4088500
2023-11-14,242.8377227783203,243.81126684453713,241.50031511682462,242.08051016713813,14092000
2023-11-15,243.98826599121094,244.11611116411723,241.26427849548966,242.7098592780539,13258900
2023-11-16,244.44065856933594,245.3060294382755,243.16225171110486,244.46031551716604,7051600
2023-11-17,245.4141845703125,246.08289587980323,244.52914181352165,245.30601134401115,7238200
2023-11-20,245.8173828125,246.76142644116453,241.51998409519558,245.46336270042508,8604200
2023-11-21,248.03982543945312,249.13138616693575,245.87637593601352,245.87637593601352,7213700
2023-11-22,249.5050506591797,250.31142051902842,248.46266242300163,248.79701053549255,5701400
2023-11-24,250.07542419433594,250.4687731606673,249.28871125637195,249.9672509777996,1640900
2023-11-27,249.91810607910156,250.74414800238472,248.32502308344075,250.07545168505155,5478900
2023-11-28,248.73802185058594,249.92791225181642,247.43011475277197,249.63290802361155,5234900
2023-11-29,250.00660705566406,251.81605151131345,249.30841031371537,249.7017593228158,4955100
2023-11-30,252.41590881347656,252.50441009159232,248.96422391923394,250.0262842725324,6874700
2023-12-01,252.18972778320312,252.64207761481515,249.68207173731517,251.5406734487515,3939400
2023-12-04,250.21311950683594,253.11412465469792,250.12461823254048,251.65870034153858,5247500
2023-12-05,250.3802947998047,250.58681277946752,247.95132644697878,249.9672738457816,4199100
2023-12-06,250.0655975341797,252.56339514949877,249.3182284457674,251.55052224334267,3874000
2023-12-07,251.5701904296875,251.8848816234477,249.28872429083196,250.6556322774611,3589300
2023-12-08,251.4915313720703,251.78655063101408,249.65258649432582,250.76381920071609,3732300
2023-12-11,252.258544921875,253.3501206274029,250.76380675990796,250.76380675990796,6479300
2023-12-12,255.2480926513672,255.40543827455565,252.14058411726546,253.02562698841763,5946600
2023-12-13,258.021240234375,258.11958499533205,254.39253763249513,254.84488752016847,4859900
2023-12-14,254.43185424804688,258.87675486682394,252.14054460700987,258.8177540186998,8168700
2023-12-15,253.74343872070312,254.07778682106724,250.22291017930968,250.28191101992684,13374000
2023-12-18,254.0778350830078,255.27756908777985,253.6648291202374,254.40236977864794,6041100
2023-12-19,255.67091369628906,256.0151053330688,252.92728410193234,254.3138341065097,8731200
2023-12-20,252.83872985839844,256.48711886215693,252.8092294356733,256.1724276793535,7240900
2023-12-21,255.2283935546875,255.6708999118847,252.76992486824497,253.23211818172032,6246700
2023-12-22,254.13681030273438,256.87062620042065,253.93030734217695,255.68073579449978,5111500
2023-12-26,254.85472106933594,255.42507264369164,254.23518211111445,254.23518211111445,2085100
2023-12-27,254.62850952148438,255.45455139214715,254.0188140938955,254.94320071333797,4034700
2023-12-28,256.0741271972656,256.6346653365383,254.24504065093333,254.24504065093333,3020500
2023-12-29,256.02496337890625,257.11650919155323,255.3562670246392,256.24130984771114,4074900
2024-01-02,254.56951904296875,255.7692530014974,253.38947204136022,255.29721619449094,5471000
2024-01-03,253.6943359375,254.55969178959347,252.59291665094952,254.2548440439522,4148300
2024-01-04,255.29722595214844,256.70349294845636,253.71398641103104,253.78283074167254,3843000
2024-01-05,255.3759002685547,257.1164853260557,254.4515136249721,256.4477890338569,3748400
2024-01-08,258.1785888671875,258.2572466705079,255.6316185848529,256.6051627053084,4659000
2024-01-09,258.9554138183594,259.24060459263717,256.80182283099236,257.64752166495515,7055800
2024-01-10,260.16497802734375,260.9615194507578,258.4932073795891,260.5681704779341,4355800
2024-01-11,259.643798828125,261.7679194163372,258.040872411284,261.0500357419334,5599000
2024-01-12,259.781494140625,261.13854370815443,259.32911427417645,260.7255377560471,4656100
2024-01-16,260.83367919921875,261.2467151353618,257.9917050571849,259.1422515746486,6196400
2024-01-17,262.20062255859375,262.6628158992338,259.9978440894697,260.0273445150167,5118700
2024-01-18,263.685546875,264.31489928910435,261.99411912184866,263.42985651363574,6694300
2024-01-19,266.3996276855469,266.6454745235754,262.61358037778814,263.72481288737293,7226500
2024-01-22,266.6946716308594,267.8255611249434,265.86859981560696,267.71737290675026,5984300
2024-01-23,266.7536926269531,267.3535445738665,265.42611355072705,267.0388533833855,5883000
2024-01-24,267.1371765136719,268.3270668437943,266.57663850297735,268.0419061104385,5021700
2024-01-25,268.0812683105469,268.2484574004039,266.3013392279014,267.4322589303194,6894900
2024-01-26,263.4888916015625,266.3702102382268,261.1877680821009,261.5221162846952,8586500
2024-01-29,269.11383056640625,270.5004105618207,262.27927534281287,262.53496569973623,6574500
2024-01-30,272.5458068847656,274.01107449096946,269.6349886373815,270.0283375880116,6549000
2024-01-31,268.7204895019531,275.3386684570524,268.64180169260345,272.5163510114067,6139300
2024-02-01,272.4474792480469,272.58516789524185,268.8187771802759,268.8483076137632,7065000
2024-02-02,272.5753173828125,273.87339597742243,271.1002362554655,272.9981667701074,4848700
2024-02-05,271.0018615722656,273.38167206613804,270.55935528930934,272.79163367826396,4899100
2024-02-06,272.1623229980469,272.2803246915351,269.4776644287743,270.23486196905975,4400000
2024-02-07,274.7486267089844,274.8961288204169,272.4573172058564,274.7387832313547,4785900
2024-02-08,271.7043151855469,275.52697844708683,271.2117045604323,275.4087567077099,5833400
2024-02-09,272.3447265625,273.0836425641418,270.0393122453657,270.93586726867943,4618300
2024-02-12,271.0047912597656,272.58115112653405,270.1870408610098,272.3446776032524,3676200
2024-02-13,271.73382568359375,273.8914622701113,268.72891339394556,269.7042726490754,5493800
2024-02-14,273.4580078125,273.53684234979676,270.65012123599024,272.38412025772163,4218400
2024-02-15,276.82745361328125,276.96536894169213,273.4579840015479,273.54665029836144,4834800
2024-02-16,274.4432067871094,276.96537057769405,273.76340177429296,276.807731582462,6630700
2024-02-20,271.0836181640625,272.7486444649348,269.30037012504454,270.5122030741698,6157200
2024-02-21,272.6698303222656,272.8767183566813,269.4875550060919,270.57130434492547,4770100
2024-02-22,279.5565185546875,279.86193472469955,274.85702420329994,275.05405040551386,5100200
2024-02-23,279.40875244140625,281.7240283916237,279.31022430311833,280.51219543047165,5107700
2024-02-26,279.9505920410156,281.1328694826165,278.4826221053887,278.85701096411447,3856900
2024-02-27,278.985107421875,279.97032864655483,277.37919201499636,279.97032864655483,4145200
2024-02-28,281.40875244140625,281.90136306989547,277.91119893919273,277.930922606935,4358800
2024-02-29,278.4629211425781,281.43827820096067,278.0096977642289,281.2806392084779,6633700
2024-03-01,278.9752502441406,280.6993874161044,277.9407499010226,279.01466751242407,3955700
2024-03-04,276.38409423828125,278.8175917363102,274.0195694382826,278.63039730826455,5920300
2024-03-05,275.2510986328125,276.8372903038528,273.57621059681713,276.12792985016307,6227900
2024-03-06,276.2855529785156,277.83235736136066,275.18211012872337,275.86191511057086,4535200
2024-03-07,274.1476745605469,277.01467200513804,272.0787039228808,276.7289494240888,5668500
2024-03-08,275.9012756347656,277.50719054955084,274.7091366702776,274.87663745643556,3928800
2024-03-11,276.41363525390625,276.6205232706424,273.8816097574058,275.32005424173826,4614000
2024-03-12,279.7240295410156,280.2757510337411,276.14767160550036,277.15258645298604,7988700
2024-03-13,280.9259948730469,281.87179883156864,279.62549563847585,280.45307786050313,5783800
2024-03-14,282.17718505859375,284.7683214191725,280.3446581377198,284.6894868921658,5484500
2024-03-15,278.8570556640625,281.40877531909587,278.46297314254673,279.35949810070326,9845000
2024-03-18,280.83734130859375,281.99992538330775,279.0639548577499,279.6747873004501,4095600
2024-03-19,283.10333251953125,283.80283118918015,281.0343618788887,282.42352745094064,6595200
2024-03-20,285.00482177734375,285.58609874719775,282.4826576076249,283.38907444982163,6105000
2024-03-21,286.07867431640625,286.6599512149617,283.6451767558422,285.68459185070685,5057600
2024-03-22,279.07379150390625,286.19692216955417,278.7092644382012,285.71417336000616,8744100
2024-03-25,277.05401611328125,279.31018084278264,275.9013242677126,278.8274321268233,8519200
2024-03-26,276.45306396484375,279.9308934627119,274.29542721556334,279.9308934627119,8752400
2024-03-27,274.89642333984375,277.0934775592105,272.8865936305422,276.10825630566666,5190700
2024-03-28,274.9555358886719,275.66489639821765,273.0245106385733,274.3742589535196,5844400
2024-04-01,274.1673889160156,276.7388322069838,272.6994187641509,276.2166360412131,5084000
2024-04-02,274.32501220703125,275.20184350074396,272.8865975747057,273.891512443881,6912300
2024-04-03,272.8668518066406,276.33484963096123,272.47276934475815,276.33484963096123,4536600
2024-04-04,269.95062255859375,274.95553328039085,269.51712280317435,274.2461727775742,4018600
2024-04-05,273.04425048828125,273.85210911840716,270.9654178727937,272.0196118989753,4392100
2024-04-08,273.6550598144531,273.87180968878374,271.0836167568689,272.1673661285219,5542400
2024-04-09,272.6304016113281,273.89148349815343,269.2806556681886,273.52695647824856,7313900
2024-04-10,270.42352294921875,272.7289369249278,270.0688276863441,271.3496332727811,5276000
2024-04-11,271.60577392578125,272.39396892782634,268.15749971656714,269.95060952133406,8102300
2024-04-12,271.881591796875,272.9062301047137,270.00967782029915,271.4776475594909,9038400
2024-04-15,267.2708435058594,273.80286579077136,266.34473304234297,273.7831721879662,10267500
2024-04-16,267.3397521972656,270.078665659764,266.177198512201,266.54172550950415,8237100
2024-04-17,268.6599426269531,269.95057985524267,267.4875271193372,269.26091306256444,5940900
2024-04-18,267.35943603515625,269.11312833105865,265.8717426032765,268.54171334171195,8231800
2024-04-19,265.7929992675781,267.98019174106867,264.32502916206295,267.45802565835356,7905400
2024-04-22,268.3052673339844,269.7141564541925,265.37915926365054,266.9456873786569,6463700
2024-04-23,270.0589599609375,270.8274613359711,268.6796563388848,269.96046189737683,6438000
2024-04-24,270.9555358886719,278.8176122452037,270.4333698316527,278.39397432596604,8807200
2024-04-25,271.0934753417969,272.1378074329022,266.49247900087516,268.93583845799714,8064600
2024-04-26,270.4629211425781,272.6796689093154,269.78311608878676,270.9456999903768,6840600
2024-04-29,267.822509765625,270.4136461616657,267.08359391427786,268.29542673444985,4128600
2024-04-30,264.6402282714844,268.05894673032094,264.61067284080815,266.5318660344473,6376400
2024-05-01,263.36932373046875,266.90626403347557,262.76832319733035,264.1870440516337,6119900
2024-05-02,263.6549987792969,265.4875256226562,262.70919496116113,265.3693039037094,5061700
2024-05-03,264.5220031738281,265.46783707652315,262.56142280867664,265.02447555547474,3862000
2024-05-06,268.6402893066406,268.7486492113174,265.5860974428862,265.66490191296333,3958700
2024-05-07,272.3742370605469,273.77326435545194,268.79787939201685,269.6747406679106,6377100
2024-05-08,273.0934753417969,274.43336178359107,270.8570339720819,273.6944458605695,9029700
2024-05-09,274.4234924316406,274.66979770558066,272.3151048547645,272.7091872797562,8948800
2024-05-10,276.5909729003906,276.87669544929577,275.11314119211056,275.4185573398301,8986400
2024-05-13,275.260986328125,277.98017660061385,274.97526373986705,277.3003715158498,10528400
2024-05-14,273.6353454589844,275.85209331284284,270.2166264550378,275.3102336418598,18526100
2024-05-15,277.33978271484375,277.5663944269939,272.975259780103,273.0540642510524,21288400
2024-05-16,276.21453857421875,278.7216401229303,275.6420659986968,278.08991716298056,10341500
2024-05-17,276.47113037109375,277.27063389034566,274.49704165744396,276.42176007993055,6177800
2024-05-20,274.9313659667969,276.6389335649095,274.5760143058645,275.602548954751,5460900
2024-05-21,272.37493896484375,274.8227900209365,271.3187941316,274.39836811972134,6578200
2024-05-22,272.0097351074219,274.47734658468073,271.55570302982517,271.9603949267609,4202500
2024-05-23,270.67724609375,273.845650762225,269.49278054853187,271.67414063672834,6115900
2024-05-24,270.933837890625,271.6741212730699,269.8086228128569,271.4471203139999,4339700
2024-05-28,267.4693603515625,270.90425633014246,266.7290768910463,270.67725534713264,6212100
2024-05-29,265.3768005371094,267.6272911749943,264.7845978663093,265.51500124177016,5469700
2024-05-30,267.7851867675781,268.12080843766523,264.83393306550886,265.21889491649733,4901900
2024-05-31,268.93017578125,269.22630724834016,265.5248898263039,267.9234010864525,8910000
2024-06-03,266.8771057128906,269.591478179259,264.5871551664789,269.55198796371155,4838800
2024-06-04,268.8906555175781,269.45324794696313,265.82093169222077,266.13679313755625,4188500
2024-06-05,270.9437255859375,271.3681475077985,268.49584428856116,269.98629117952504,5368700
2024-06-06,273.4508056640625,273.55936609601594,270.52913237413793,271.2398055903079,4862400
2024-06-07,275.0596618652344,276.69812897629487,273.27308388192534,274.11207760263665,4515600
2024-06-10,271.47674560546875,274.951131630448,269.8382480128212,274.53658978156454,5213800
2024-06-11,271.11151123046875,271.299021962775,268.69324028894096,270.98319063293866,6244600
2024-06-12,266.8179016113281,274.00358504353994,266.40332962849203,273.18432116290523,7536600
2024-06-13,267.67657470703125,268.33787759020674,265.8308064885079,266.8178508938962,7361200
2024-06-14,267.1534423828125,268.0318962400805,265.7814362006349,266.6006999255595,8537300
2024-06-17,267.65692138671875,268.3083443734651,265.51502115928076,265.51502115928076,9258200
2024-06-18,270.0751037597656,270.35147500719154,267.7851533541184,267.7851533541184,6707500
2024-06-20,273.233642578125,274.4378379710254,269.56183614421604,269.65066652702774,10164400
2024-06-21,271.65435791015625,273.9443081216676,271.0226350426203,273.5791065173378,14594700
2024-06-24,272.72039794921875,276.7574366785951,271.70374326450144,271.7531135654778,24149600
2024-06-25,269.98626708984375,274.3292566435725,269.98626708984375,273.26326189179235,18325800
2024-06-26,270.055419921875,270.90426385484994,268.22938131077234,269.37435670950583,12172000
2024-06-27,263.1361999511719,267.0843781058789,263.04736955735603,265.0313387192031,10529100
2024-06-28,259.0696105957031,265.1201991222167,257.8654149173251,263.7383426360974,13957300
2024-07-01,259.82965087890625,262.32687289659236,257.9147816502377,260.37254356583867,7955800
2024-07-02,264.7549743652344,264.7549743652344,259.0004876860793,259.8296015055484,8697800
2024-07-03,265.50506591796875,266.25522930785826,264.6759522291353,265.5840463391176,5017800
2024-07-05,266.85736083984375,267.0449017216827,264.76483112902,265.51499465637585,7986400
2024-07-08,262.94866943359375,267.9233825386403,262.52424749457975,266.7487970815847,8561100
2024-07-09,262.0010986328125,264.08374810208585,260.500801813083,263.5408856673846,6431300
2024-07-10,259.59271240234375,260.0665046225865,255.16089208446755,255.7629747914554,9635500
2024-07-11,259.1485290527344,260.21455401254326,257.38174103372813,258.73398721897087,8803600
2024-07-12,262.29718017578125,263.9356775629029,260.24414099177443,260.9153239824876,6627800
2024-07-15,264.97210693359375,265.7518503972487,261.8135524983033,262.2281244402906,6845200
2024-07-16,265.76171875,266.709272989877,263.90607036034487,265.0411654559129,7869900
2024-07-17,269.1670837402344,269.37435467915475,264.7648429846093,264.9622639602936,5324700
2024-07-18,265.66302490234375,270.07511508454115,265.0806722537845,268.7623591347733,5550800
2024-07-19,262.0208435058594,267.43973868628376,260.885748273121,266.8178957867097,6839900
2024-07-22,264.24169921875,264.9227623968229,261.5865468572101,263.76793709293264,5313600
2024-07-23,261.3594970703125,264.2317999105182,260.4415228785526,264.0639891074897,8109200
2024-07-24,250.87710571289062,253.86786448702082,249.85058603131748,252.75249935154562,13065900
2024-07-25,250.4526824951172,254.87463773764222,249.4261477577695,252.08129993237114,8573300
2024-07-26,256.09857177734375,257.8160497859534,252.27871416947588,252.27871416947588,7062200
2024-07-29,258.2108459472656,259.3064508781868,255.22995229379697,256.9474301984031,6068100
2024-07-30,259.69146728515625,260.8759028549783,257.628547471335,259.8197879160517,5941800
2024-07-31,262.2281799316406,262.9092130653955,260.82656319729824,261.11281459585956,7642500
2024-08-01,262.4847412109375,263.5408860735961,260.75741330596077,262.8795529933477,7269700
2024-08-02,263.1263427734375,264.48846917494626,259.4742957357257,260.4119700557737,7017900
2024-08-05,253.11770629882812,259.51376581386165,251.21270248941428,258.06280912341373,9631300
2024-08-06,254.91412353515625,257.1152135033933,252.45637729537378,253.17691556701294,21586800
2024-08-07,253.1966552734375,258.6352803433375,252.98938435366935,256.29598959646995,12908600
2024-08-08,256.4637145996094,257.0757073858798,254.57848643986523,254.78575731461675,8223700
2024-08-09,256.9088134765625,258.6494747152461,256.16704567989024,256.3252930984267,7228100
2024-08-12,257.03741455078125,258.7286368284504,256.39452492298415,257.64070459211496,26769400
2024-08-13,257.2747497558594,258.80772447648155,256.42417364635253,257.2747497558594,12005700
2024-08-14,258.2737121582031,258.62974626961955,255.90003068497225,258.00665639202714,8552300
2024-08-15,263.8715515136719,264.4551021467704,259.95502551276667,259.95502551276667,7397800
2024-08-16,264.4451904296875,265.4935532508348,262.4770427115619,263.92100901911385,5111100
2024-08-19,263.545166015625,265.36496613614923,262.31878619546114,264.48475067307976,6555900
2024-08-20,265.0979919433594,265.0979919433594,262.8627881247505,264.069398568962,6803600
2024-08-21,265.2561950683594,266.31442759491796,264.45508820546564,265.612229148485,6639700
2024-08-22,264.9990539550781,266.54192875328965,263.64409610380636,265.98807780945026,4425200
2024-08-23,264.5045471191406,266.2551085093339,262.3979214395611,265.75072685807237,3697400
2024-08-26,265.26611328125,267.40240870041964,264.73206206342,264.7815011893839,4612200
2024-08-27,267.7485656738281,267.97605204868364,264.94964116812605,265.5727009049103,6594100
2024-08-28,266.2353515625,268.9947367517079,264.7320460691463,268.1837298931054,5455100
2024-08-29,271.3090515136719,272.9607045732427,267.48153373672125,268.00571521191523,5565100
2024-08-30,273.33648681640625,273.94967670738373,271.2496612079113,271.9815291187413,6296100
2024-09-03,275.4826965332031,278.993718935248,273.33650161596876,273.33650161596876,7278300
2024-09-04,277.4112548828125,278.55852602537817,275.6409241470769,275.6507938601499,6107500
2024-09-05,275.5617980957031,278.4101913838389,274.36508778458017,277.91567949861,6447400
2024-09-06,276.3035888671875,277.2036041949525,274.3848801785654,274.7211446665305,7187700
2024-09-09,282.4750671386719,283.82015517357473,278.55854142349125,278.9937143010236,10933900
2024-09-10,282.20806884765625,283.256431740462,280.45750745478927,282.79158931194524,5314400
2024-09-11,280.84320068359375,282.0399412594647,275.2453221366819,281.89156353762405,6281800
2024-09-12,282.2377014160156,282.86079120488023,278.3805148451982,280.88274371393703,4160800
2024-09-13,284.19598388671875,285.5707112201652,282.4157230065582,283.34540775692193,4987600
2024-09-16,287.29168701171875,287.707060167225,284.58174087255816,284.88833588154176,4458900
2024-09-17,288.35980224609375,289.85323797476497,286.89603602674515,287.7070428583821,5135700
2024-09-18,285.3135986328125,288.81472117717624,284.9674342639328,288.6367041357905,5890000
2024-09-19,282.1091613769531,288.2806909014838,279.7651796146909,287.8949571013072,10382100
2024-09-20,281.6443176269531,283.84985173088165,280.14101220478125,282.3663159204415,27810900
2024-09-23,285.4619445800781,285.7092005303872,281.4959494786846,281.77287493572635,6505600
2024-09-24,269.785888671875,277.91566484364466,269.7166497677676,277.1046581508087,13690200
2024-09-25,266.6705017089844,271.2397870017281,265.2858743752154,271.1804479861817,11671300
2024-09-26,268.7078552246094,270.2408299079998,267.03640273363095,267.5309145905451,9552500
2024-09-27,272.14971923828125,274.92887397649326,269.78593763488186,270.1617715452645,6509600
2024-09-30,271.93212890625,272.6639969217782,270.20133710971203,271.98156802739135,5969900
2024-10-01,274.55303955078125,275.99700598772864,271.3485816037428,273.92994966711785,5781600
2024-10-02,273.9595947265625,274.5925844511293,272.34748109083097,273.53432173308806,4741600
2024-10-03,273.82110595703125,274.6420125868415,272.81231257927755,273.6332192090877,3036700
2024-10-04,274.87939453125,275.3838063589564,272.08047028408026,274.3057739720374,4259300
2024-10-07,270.78485107421875,274.57279917758075,270.24086984166365,274.55302956612184,4339300
2024-10-08,271.9419860839844,273.06948774711844,271.0024315473182,271.6947301244493,4370900
2024-10-09,273.8903503417969,274.444201248417,271.40792115832073,271.9815416749592,4115800
2024-10-10,274.4244384765625,274.62225531211783,272.3277128231666,273.7420096312916,4063900
2024-10-11,274.7904052734375,275.73985979574155,272.3475149573958,273.0101742712905,4746300
2024-10-14,277.59918212890625,278.28161093893755,274.93870579591123,276.0167380740133,3996600
2024-10-15,276.2244873046875,279.5377233321136,275.76951458938026,277.9157096847333,5807000
2024-10-16,284.3641357421875,284.4432745550265,275.2948036447478,275.5618292271988,9442700
2024-10-17,287.2026672363281,287.7367184153602,284.4531517957774,285.4026364792854,8815800
2024-10-18,287.43011474609375,287.84551805542185,284.9179856435227,286.7378161406982,5350900
2024-10-21,283.70147705078125,287.2520687955795,283.18716536881584,286.421292443109,6313100
2024-10-22,281.6640930175781,283.3849847501523,280.41791338634266,281.92121867826637,5736500
2024-10-23,280.64544677734375,282.9201897979452,280.4179604022373,282.9004201846117,5249300
2024-10-24,280.111328125,280.5069316173495,278.6376922883882,279.2904516329402,4679900
2024-10-25,278.6376953125,281.96080090343605,277.6981105981872,280.88276854747363,4464600
2024-10-28,281.0707092285156,281.5157820639608,278.43990198886377,278.94431384468635,4306200
2024-10-29,278.7860412597656,282.56411952375953,278.2618598386176,281.14979251198,7534800
2024-10-30,286.97515869140625,292.53346779757067,285.1652281767325,289.13122340116183,9606800
2024-10-31,286.6685791015625,293.08733445672664,286.4410927422733,288.88398294550905,7950200
2024-11-01,287.54876708984375,289.4576059436179,284.0377447078547,285.3234635620057,5470700
2024-11-04,288.6466369628906,289.93235598528514,287.5686045124736,288.3499116774509,4281600
2024-11-05,290.07080078125,291.5444365951179,288.37954833994513,288.5081262640619,3753700
2024-11-06,304.02593994140625,305.60838421333796,299.49622377289853,302.95780741285546,10320500
2024-11-07,302.4434814453125,304.25341199420274,301.0786538848571,304.12483406440464,6237300
2024-11-08,304.4908142089844,307.73481172336517,302.33474913169226,303.5215900053558,6240600
2024-11-11,307.5072937011719,309.0105990139976,305.905049789044,306.6863870435086,4674100
2024-11-12,307.0316467285156,307.7252614664828,305.30745300158225,306.22901681287175,4616400
2024-11-13,306.6650390625,308.12166942881066,305.03994167859054,306.6749275411851,4046400
2024-11-14,305.44622802734375,308.4585853451614,305.0300349463306,306.4866653698808,4415800
2024-11-15,306.82354736328125,307.89371044147214,303.8706423808781,304.7624499860359,5106300
2024-11-18,309.3206481933594,309.56837423494426,305.8921282450232,306.6650322851682,4585600
2024-11-19,309.0134582519531,309.39000665885465,305.70384209444103,307.18027956782373,4885500
2024-11-20,304.59405517578125,309.4494796858251,303.4346839614257,309.0233678993548,6349900
2024-11-21,307.0812072753906,308.09194891872653,303.8607686071072,304.5048502927646,5757100
2024-11-22,307.1009826660156,308.75577542067595,305.0993372214691,305.16870775944636,5919200
2024-11-25,310.3412780761719,310.8070042436528,307.04155026997876,309.0233586013876,14189300
2024-11-26,308.9837341308594,311.6393499507424,308.7062821831103,311.34209080672355,7071500
2024-11-27,311.8375549316406,313.49234796399094,306.67492242425953,307.94327855444243,5204300
2024-11-29,312.214111328125,313.3734826565171,310.84668880540494,311.4313187094662,3853300
2024-12-02,313.7698059082031,314.5328214885692,310.8565451686143,314.01753195585525,5597500
2024-12-03,310.16290283203125,314.4336970950434,309.9250652842114,314.21569698287135,5009900
2024-12-04,307.0812072753906,310.0043867779849,305.9912066012031,309.578305227165,5981800
2024-12-05,306.2686462402344,308.2603732901632,306.02092019880024,307.16048418139343,5200100
2024-12-06,308.18109130859375,309.71698055509125,305.9911714926289,306.06054203666247,4302700
2024-12-09,305.4957275390625,310.16290770848843,304.8417574322579,308.9936178666401,5785300
2024-12-10,309.53863525390625,310.1331837766131,303.8508552559972,304.5642771952526,4539500
2024-12-11,310.9358215332031,312.67979227309525,308.37927189314206,310.19264342109153,4321800
2024-12-12,311.3717956542969,312.67976603947943,310.5790542572247,311.9564254246419,3218500
2024-12-13,311.8771667480469,314.06708672221254,311.4808111306398,312.9572486574793,4682200
2024-12-16,313.0166931152344,314.67148593506386,311.2429664084784,311.87712927212823,6562500
2024-12-17,315.40478515625,315.93988187514907,312.27355459082924,312.94736216870484,8843900
2024-12-18,306.9622802734375,318.69458154734065,306.74428015517265,315.6029654992168,10479200
2024-12-19,312.0158996582031,313.98778921505397,308.3991056042829,308.9936238947946,8317100
2024-12-20,314.82012939453125,317.08930822370513,309.43952745320854,310.7178021941834,24387000
2024-12-23,314.3346252441406,315.0778033792705,310.4998309052697,312.7788984236697,7984600
2024-12-24,317.7333984375,318.61531761507683,314.394056408236,315.27597558581283,2684100
2024-12-26,317.9910888671875,318.5261856333765,316.55426559797564,316.8614434985661,2856000
2024-12-27,315.7615051269531,318.5756691509963,314.6715045655296,316.3659421146555,3489200
2024-12-30,312.4419860839844,314.22560146350486,310.38091875120523,311.81771162915373,3478500
2024-12-31,313.1653747558594,314.770634736431,312.32310013000483,313.24463378700017,3963800
2025-01-02,311.5402526855469,316.77222528673946,309.56836314198955,314.88951348615774,5369500
2025-01-03,312.0456237792969,313.0464466292302,309.17200784502637,311.3222528766725,4271300
2025-01-06,310.192626953125,312.5212576287812,309.231448769556,312.1447092335696,6567300
2025-01-07,308.8351135253906,312.3230852897886,308.48829102063627,310.0440178128232,4958600
2025-01-08,309.7566833496094,311.1835879291238,307.3884076099991,308.17123045681575,5161600
2025-01-10,304.9111328125,309.0134908488646,303.2067763235751,308.36940914595635,6660100
2025-01-13,304.1282958984375,304.1282958984375,301.07629437396605,302.2257467444819,9568400
2025-01-14,306.278564453125,307.33883916631174,304.72283765788785,305.94166066613013,5107600
2025-01-15,313.4031677246094,314.30489414248854,310.2818256565633,310.8268108506683,5222000
2025-01-16,314.3643493652344,316.27678716445155,312.87799310346026,312.87799310346026,4606700
2025-01-17,316.7127990722656,317.6739773665077,313.8292641895394,314.61208698340585,5805800
2025-01-21,320.68634033203125,321.6276812051789,317.0893531439055,317.3965310355639,5653000
2025-01-22,320.616943359375,322.77710714206955,319.447683723604,321.8159289099539,5026500
2025-01-23,325.2246398925781,325.5219292790962,320.6268603997117,320.8151346058415,5297100
2025-01-24,327.1965637207031,328.07845269289544,324.82828827763444,325.03636968275924,4327500
2025-01-27,331.4970703125,332.4384110755195,325.066082058218,326.9983571738793,6636500
2025-01-28,331.4376220703125,334.75712669159793,329.86208814295765,331.6258962729518,5999600
2025-01-29,332.8249206542969,334.04371351474384,331.45746796599275,331.45746796599275,5087300
2025-01-30,339.9296569824219,341.30702826782493,335.9165072659505,336.4218780598746,8081300
2025-01-31,338.6910095214844,348.05506536904755,338.60183178122105,343.31854497732616,8624100
2025-02-03,342.67449951171875,342.85285501106176,336.1543329068791,336.90742977965607,8004500
2025-02-04,342.0105895996094,342.8627829638602,339.42434406949366,341.46560436805163,5532600
2025-02-05,346.26153564453125,346.301180276247,342.1096449921182,342.8528230768223,4939100
2025-02-06,344.31939697265625,347.46054630363625,343.44739645175457,346.59846450137985,4294500
2025-02-07,344.8544616699219,347.55964096640815,344.0518317037109,344.83465447272994,4261200
2025-02-10,348.0352783203125,348.6991671718126,344.53738785197555,345.5282920100313,6067000
2025-02-11,348.11468505859375,349.5042791298253,343.67788914806516,345.71264864977434,5154800
2025-02-12,348.8789367675781,349.2164074329278,344.90865088222534,346.5662585673462,6760100
2025-02-13,352.9881896972656,353.43482867534993,348.12459564923915,350.49682566406943,4279200
2025-02-14,351.1817321777344,352.7896932169901,350.596118607319,351.79712168254787,5720300
2025-02-18,354.0800476074219,354.0899527247787,349.7821959826771,351.06262171904,5822000
2025-02-19,352.5911865234375,354.49690684959194,351.54896826896316,353.3752962027272,4152300
2025-02-20,347.8863525390625,353.4844699717451,346.46698265690856,352.5911617384743,5697000
2025-02-21,345.94091796875,350.6953435817881,344.8987300875696,347.8863494826955,6924100
2025-02-24,347.2610778808594,348.19409758782973,344.7796489348489,346.1692733773193,5055900
2025-02-25,349.4745178222656,349.97080360353914,343.4297606412601,348.7598650855966,6191900
2025-02-26,348.0253601074219,349.21642776785734,346.39752826001717,347.40003519752565,5960600
2025-02-27,353.0973815917969,357.63344069207915,349.06754365801817,349.28591060328654,7298100
2025-02-28,360.015625,361.29605080435203,351.0824808867056,352.0750524548494,15857300
2025-03-03,359.1322326660156,363.81717142634926,356.86917082446587,360.3034597833793,9099600
2025-03-04,349.61346435546875,357.5937172692121,347.79704157872015,357.43490219702966,8955800
2025-03-05,350.06011962890625,351.47948964577205,346.3479118029868,348.2238562418129,8244200
2025-03-06,341.6033935546875,346.27839659846916,337.86141009632325,343.3900100467039,8611100
2025-03-07,342.7547912597656,343.81685001477626,336.62070677393535,338.3378360507605,6358700
2025-03-10,338.943359375,342.4471358958823,335.1318880827478,337.4147906363076,8204300
2025-03-11,329.6727294921875,337.0872098989899,327.13171845399165,335.89614221230545,9776100
2025-03-12,330.36749267578125,333.662837308143,326.66519009566895,333.47424630087136,6295400
2025-03-13,326.109375,333.7025716918127,325.26571340391433,328.5312520376789,7915300
2025-03-14,329.335205078125,330.29800062574157,323.95548461728515,324.7793056180254,7810600
2025-03-17,332.06475830078125,333.6131673013663,327.31036298183636,327.57834636201903,6149400
2025-03-18,332.2831726074219,333.30552010988146,329.8315196250934,332.7993292084681,7778300
2025-03-19,337.3452453613281,338.49663184920973,332.015141655727,334.29804381683005,5614900
2025-03-20,336.97802734375,339.69766358563754,335.1516994018881,336.4817415891937,5432700
2025-03-21,333.1665954589844,336.90857958250007,333.0276208917873,334.86388445718694,17279700
2025-03-24,341.3155822753906,342.65555995835115,335.14178587400806,336.1343574479224,5675100
2025-03-25,342.05999755859375,342.96324129038476,338.13935816971735,342.00044568976176,3931200
2025-03-26,341.6232604980469,344.79950149712596,340.4520333673521,343.4198125365693,6187100
2025-03-27,347.2610778808594,348.2338089324125,340.7696815675302,341.44462297103365,7254800
2025-03-28,340.30316162109375,349.0080032008069,339.07235230257794,346.5960616066312,5687600
2025-03-31,347.8565979003906,349.24619193619026,332.0052299024805,336.8291431228227,9950800
2025-04-01,343.7771301269531,347.8466791580807,340.02521123181765,347.83674375043194,7473300
2025-04-02,343.75726318359375,345.61339727308604,340.501629980197,340.88874739233717,5682500
2025-04-03,336.8688659667969,342.1790994173941,328.541176293924,331.419627671556,8792900
2025-04-04,310.80389404296875,332.16402012770556,309.80138721423106,327.548569076171,13201700
2025-04-07,309.99993896484375,319.78667944095287,296.778879280273,299.8260810630953,12163400
2025-04-08,305.97998046875,323.85620142025994,301.6722241446554,319.84620440555227,9569300
2025-04-09,329.9605407714844,331.54866125033834,303.36957174968546,303.36957174968546,11361800
2025-04-10,322.1986083984375,327.707398198318,310.94285163126773,325.5832807256775,8709800
2025-04-11,330.92333984375,334.4767628604182,320.144027639236,322.019972067207,6804500
2025-04-14,332.69012451171875,337.0872092038152,330.66530036126704,333.9109984216604,5011800
2025-04-15,333.3154602050781,336.86888342808714,332.51147964770786,334.21870397872834,4386200
2025-04-16,328.86871337890625,334.7149742599511,326.4170604757067,332.51146424051313,5850600
2025-04-17,327.1614990234375,331.8365329043558,326.0002072551973,328.610675317875,5655900
2025-04-21,317.7221374511719,326.70489724705635,314.29775372186907,326.55601758292966,6362300
2025-04-22,328.9382019042969,330.08958852422495,319.99515293739404,321.45420402020414,5435500
2025-04-23,331.8861389160156,338.7150359152207,330.72484718434157,334.7348143715311,8906000
2025-04-24,333.2161560058594,334.26827932908634,328.7892957803454,330.8042146303982,8055200
2025-04-25,332.68023681640625,333.8713045630103,329.7025220135741,332.27327882511344,4452800
2025-04-28,335.0028076171875,336.81920008518114,332.53128405109055,334.27821953702613,5422900
2025-04-29,338.9830017089844,339.7274303206624,333.9605924321336,335.9854467373435,5519500
2025-04-30,342.9334411621094,343.9458531517072,330.76450530796507,331.95560318233197,9526700
2025-05-01,339.9061584472656,343.15185669279526,337.59344964337026,343.0128821283909,5849900
2025-05-02,345.0178527832031,347.4893460773067,343.5488360869076,344.6406707739598,6113700
2025-05-05,346.0501403808594,348.44221102662306,343.54884082856637,344.4223085902637,3865300
2025-05-06,345.11712646484375,347.05262273661964,343.1915353103797,343.8267653261146,3438500
2025-05-07,347.2511291503906,348.5414599239066,344.63072597288647,346.1096780367608,5454000
2025-05-08,348.66058349609375,352.69042140438404,348.34298363388575,349.38517160328274,4156400
2025-05-09,349.921142578125,351.17176198986505,348.065038839084,349.2163950490349,3086600
2025-05-12,353.2065734863281,359.2017138134001,348.5216348059256,356.4721421949445,7985400
2025-05-13,354.0815124511719,356.7957135338314,352.53050139384237,353.46507058705555,5406200
2025-05-14,354.3996276855469,356.3383686851556,353.15685277328083,354.60843571646035,6207600
2025-05-15,360.20587158203125,361.6276291533864,354.6183603822515,354.8271684149894,5826100
2025-05-16,363.0096130371094,364.0734357526713,358.80408172233535,360.8521725598763,5838100
2025-05-19,365.77349853515625,367.01627342168587,360.22576479180896,360.9217005235553,5081500
2025-05-20,364.71966552734375,366.1215193850763,362.58209856997917,365.6542347658321,5281400
2025-05-21,356.22900390625,363.87455791983723,356.01027429871647,361.6176895057481,6125500
2025-05-22,355.9009094238281,357.9191746673327,354.4990556821056,355.69213173413715,4936600
2025-05-23,351.49652099609375,353.9422935175656,350.1841434124028,351.7052986849405,5345900
2025-05-27,357.22320556640625,357.91917164775055,352.4310886053113,353.3557058501838,6316000
2025-05-28,357.6507263183594,358.8238984881941,355.9704923034339,357.26296600359996,3299000
2025-05-29,360.3052978515625,360.9416131728053,356.64657577796976,358.2671591242516,4590400
2025-05-30,363.0791931152344,364.9185061271794,359.2613920730208,359.2613920730208,8726900
2025-06-02,363.20843505859375,363.3476100725079,357.8794004131082,360.6731560117977,3845700
2025-06-03,363.74530029296875,364.759424071339,359.4105158276682,362.47269995679756,5221300
2025-06-04,365.8729553222656,367.5233641421073,364.19272111645273,364.590403043131,4202300
2025-06-05,364.6500549316406,368.8556164135767,363.8149137807032,367.86139642324355,6881900
2025-06-06,368.0801086425781,368.85559898474776,365.4255280436987,366.8771110066502,5008500
2025-06-09,364.5406799316406,367.6525931394453,359.95731031770026,367.6525931394453,4999900
2025-06-10,368.557373046875,369.29308615148983,364.5605891535765,364.8787468414267,4109300
2025-06-11,371.1522521972656,373.33954825373667,367.2449750220648,367.8613865449288,5562700
2025-06-12,369.2532653808594,372.0072739266105,367.4139524946883,370.07848489023866,4874000
2025-06-13,350.8105163574219,360.9117947171911,343.0058836609573,359.42046478823045,14181700
2025-06-16,353.42535400390625,358.13794732782026,352.28197667440344,354.42949562156616,7234700
2025-06-17,355.77166748046875,357.5215043223713,351.2778041760744,351.44680457851234,5559600
2025-06-18,338.41259765625,356.4079851502761,336.0861265714273,355.78162171567277,15008600
2025-06-20,336.6130676269531,338.0347949237182,332.98417074968575,336.99087607586944,19332100
2025-06-23,341.76312255859375,342.30993141821295,333.690061070854,335.5492476029829,7553300
2025-06-24,349.5975646972656,352.5106218590836,345.90901719070337,349.4881847257173,10172000
2025-06-25,343.2643737792969,349.25951858703286,343.2643737792969,348.42437750857823,6836300
2025-06-26,344.02996826171875,344.904886774484,340.0530879972866,341.79297311297563,8829500
2025-06-27,346.5950012207031,349.9753733140441,343.66207058124957,344.58668785023735,6601900
2025-06-30,352.9977722167969,353.5545329474738,347.04240457552913,347.33073684929604,7080100
2025-07-01,353.41534423828125,354.9364994508519,349.3887658347658,351.7748874939299,6653400
2025-07-02,352.1725769042969,354.30019172926967,347.9769676803324,352.5503853237964,5131400
2025-07-03,356.7857666015625,356.92497196219716,351.56611171910697,352.5404582199922,3702800
2025-07-07,354.57861328125,357.58114657143045,352.44101614142653,356.8454335264291,5138000
2025-07-08,352.50067138671875,356.20912272568273,351.20819758727356,354.6183647363144,6966800
2025-07-09,355.6921691894531,355.6921691894531,351.7053371426281,353.01771486982267,7297100
2025-07-10,353.8230285644531,355.5529617047032,351.4070811773065,354.7675193867284,6121300
2025-07-11,345.9189453125,351.7649635641954,342.3994284803042,350.4724897455271,7580200
2025-07-14,348.4740905761719,349.9355951083556,343.015832789593,345.382081112289,5598900
2025-07-15,345.01422119140625,348.1857854896148,344.7557446176338,346.10786928409664,4891700
2025-07-16,347.8775634765625,348.64313227631465,343.8012555074003,345.2826639034013,5544200
2025-07-17,347.7880859375,349.3390666663444,346.4657867250158,347.97699015945284,4747100
2025-07-18,347.032470703125,347.4798818290788,345.15341072472773,347.4798818290788,4927600
2025-07-21,348.91156005859375,351.60588769225996,346.3862328294221,347.04242165312115,5216300
2025-07-22,349.8262023925781,352.43108403908155,348.17582404493845,349.0706158942277,4614200
2025-07-23,353.2364196777344,353.72357775115313,349.17998523156797,350.95964746352973,4385600
2025-07-24,351.9240417480469,355.11547933584245,351.8146617746286,352.7691347853894,5887200
2025-07-25,354.9762878417969,355.5827474277071,350.96958278789594,351.9538507970478,3915400
2025-07-28,353.41534423828125,356.24887698280617,352.6796312315113,354.32008797586263,3921000
2025-07-29,349.2595520019531,356.2489173824306,348.78231547952714,354.23065199777454,7402300
2025-07-30,348.8817443847656,354.5587320980825,345.2230220609473,349.66718668152214,12129700
2025-07-31,343.4731750488281,350.78069791357024,343.09536660475925,346.9131676575012,8641700
2025-08-01,337.3885498046875,344.1691372200112,336.14577485354397,342.111094619033,8658700
2025-08-04,340.17236328125,342.3894847802844,338.0347963724263,339.7249824907629,7335300
2025-08-05,335.4796447753906,340.4805701238393,333.6105063349677,340.17236435347024,7295600
2025-08-06,337.7762756347656,339.4565097752272,333.49119008351096,336.34459648145895,5944100
2025-08-07,330.1705017089844,340.1723520439536,326.80011183390815,339.4565124616352,8797100
2025-08-08,334.8333740234375,335.42991202689075,330.8067955971987,331.751286289915,6073900
2025-08-11,333.9584655761719,335.9071281268536,332.57651566265065,334.783685102111,5715800
2025-08-12,335.3827209472656,337.2850261197865,333.46050732909305,333.84894997860204,5682800
2025-08-13,341.1692810058594,342.0955555803865,335.42254892774906,335.62175495109443,5693400
2025-08-14,344.0974426269531,344.6850608988738,340.29286279189733,341.55773293031257,6224000
2025-08-15,343.0815734863281,346.9558785686944,341.4780469796213,344.8543977666452,4946600
2025-08-18,341.3585205078125,344.3364894908787,339.5757572803942,342.45409285637004,3999600
2025-08-19,341.0697326660156,344.9440378209097,340.51199223443484,341.17927471045255,4457200
2025-08-20,342.5437316894531,346.039593838693,341.4680981636876,342.01586914906005,5834400
2025-08-21,342.3046875,343.13132863657773,338.35068820536213,341.50792422632094,6073600
2025-08-22,348.6291198730469,349.7844479666891,343.82854031012994,343.82854031012994,4973200
2025-08-25,347.4140319824219,349.3063676468326,346.0993451607829,348.20082587581777,8019800
2025-08-26,349.7644958496094,351.97554893901935,346.04954976671655,347.28454198788506,5876200
2025-08-27,348.9378662109375,352.00543842090394,348.4299121185624,349.29640058585716,5531100
2025-08-28,348.4498291015625,349.62509605771004,347.1949283640224,349.1868671034665,4987100
2025-08-29,350.36212158203125,351.20870166850244,347.5933278083949,349.0474346520695,3671900
2025-09-02,348.65899658203125,348.7585995956409,344.6850582193853,347.90205015208494,4940300
2025-09-03,349.45574951171875,349.47568835059127,345.8603148655181,347.9319176719724,4176400
2025-09-04,349.5752868652344,351.20869125607726,347.7427068329104,349.3163554918516,4324000
2025-09-05,341.83660888671875,351.19871489948525,338.8287923269697,349.9637226051439,5448300
2025-09-08,340.9202880859375,342.99192130469794,339.625540120141,340.9601353694522,4711600
2025-09-09,342.6034851074219,344.9241107011969,339.91438611386513,340.3127677727729,4646200
2025-09-10,336.7571716308594,341.2290645499819,335.0839503188202,341.2290645499819,6557900
2025-09-11,342.1054992675781,342.14534655170456,336.5081564334102,337.3647058719823,5157600
2025-09-12,338.0618896484375,341.8067443574847,337.80295827006614,339.8446834033817,3518300
2025-09-15,337.6833801269531,341.3286314243895,337.02606713399587,339.2370898085397,4367500
2025-09-16,338.6594543457031,339.16740843668805,332.1258978898668,334.88472202680003,5527700
2025-09-17,344.8045959472656,344.8045959472656,338.15149768935095,338.5698181836777,5763500
2025-09-18,336.8169250488281,343.8783444611386,336.8169250488281,343.34054286819156,7526600
2025-09-19,340.23309326171875,341.30875723821197,336.8866506561266,339.07779550115055,13674300
2025-09-22,342.97198486328125,343.4699695296953,337.2949779029044,337.6435732483086,5621800
2025-09-23,337.3348388671875,343.8683955239399,336.26914434314534,343.2010826702708,10142700
2025-09-24,337.31488037109375,338.5299641513985,336.5579643598641,337.76307872075415,5207400
2025-09-25,333.58001708984375,338.82879517404456,333.16172697127865,336.986245742455,5398700
2025-09-26,336.01019287109375,338.13161256415685,334.8748035560274,335.870772959751,9619200
2025-09-29,338.7889404296875,339.2670166635244,334.19750588460323,336.02014683051596,7217800
2025-09-30,340.0040283203125,344.21695930197603,337.1456010921614,338.4503185350138,8164400
2025-10-01,346.4280090332031,347.9518409378596,338.9383303898218,338.9383303898218,8381000
2025-10-02,344.55560302734375,345.78062585482786,342.17522173126287,344.8245038053001,5198000
2025-10-03,348.429931640625,351.7365573470426,344.6054127876714,344.7149548323991,5199700
2025-10-06,347.8721618652344,349.70474176137265,342.96204042656746,348.59923040877214,4735600
2025-10-07,350.9995422363281,353.0113894416703,348.649038694597,348.649038694597,5044600
2025-10-08,349.94378662109375,353.56912975217324,349.6848552507119,352.3540458932983,3927500
2025-10-09,345.6412353515625,351.4477236851982,344.1870981171116,350.053372578839,4434800
2025-10-10,342.2648620605469,348.9876551929239,341.8664803982835,346.22883102731305,6296200
2025-10-13,341.9162902832031,346.258732766631,339.35667196952477,342.334610813895,4030700
2025-10-14,346.9757995605469,348.59923442929517,338.84868619182816,339.62554105235273,5731000
2025-10-15,344.2966613769531,348.66895120043125,342.61347067376323,346.97582147163655,3778200
2025-10-16,334.048095703125,344.2966282664885,332.8230729219237,343.60940702088106,6241500
2025-10-17,340.5119934082031,342.06570324361587,335.64168844347057,336.4085739408942,6267100
2025-10-20,343.0218200683594,343.56959107313133,337.57386630815864,340.52192718186024,4665000
2025-10-21,345.8105163574219,348.2406840511567,341.61749382129113,341.73700528252846,4121800
2025-10-22,343.9679870605469,346.76668911620203,343.11146794187306,346.4180937374913,5074400
2025-10-23,344.5655517578125,345.75075772943865,343.07159771571963,344.8046050728569,7217200
2025-10-24,345.9798583984375,347.6729881581522,343.9281638460587,346.7965606090745,3576700
2025-10-27,346.4180908203125,348.11122059688944,343.6194191827997,347.59332744074374,5400300
2025-10-28,345.50177001953125,348.47973911832344,345.1033883485486,347.17499127440243,7445400
2025-10-29,339.9044189453125,349.5653338093142,337.6336100404692,344.605395498532,8361700
2025-10-30,343.6393127441406,348.31041155130293,340.41238169067435,340.84064122785446,6411800
2025-10-31,339.3665771484375,341.6174775430599,336.80695909004464,340.7011723929481,7301600
2025-11-03,335.54205322265625,339.83467850136,333.47045043910737,339.6255334575112,5538000
2025-11-04,338.9283752441406,338.94831408470225,332.9027725216237,335.1237952294841,5920200
2025-11-05,338.66943359375,340.73106709286975,335.00424320677166,338.75906718983583,4984600
2025-11-06,335.6018371582031,337.2850278589407,332.36493664056536,337.225272127104,8507900
2025-11-07,334.6656188964844,336.9264888333082,333.50035174712497,335.37277903778016,5318400
2025-11-10,333.5003662109375,337.31491571415205,332.9725036343658,335.2930990082746,5295800
2025-11-11,337.553955078125,337.72325285148054,331.85700901827914,334.14772643061497,4453300
2025-11-12,338.1826477050781,343.5515814566134,336.70568232861064,337.5539392647252,6389600
2025-11-13,335.3883972167969,340.7573310621838,334.90940445750977,338.3423280213681,4961700
2025-11-14,329.3408508300781,335.38837770243606,328.35289786675315,335.19879671610136,6422300
2025-11-17,325.07965087890625,332.6739759173699,324.2613310180461,330.47852149051675,6494800
2025-11-18,320.51904296875,324.33118917839323,317.3455943345509,323.83221811811876,9170400
2025-11-19,323.4530029296875,323.90208907652226,319.21174881651825,320.85834726361674,7066700
2025-11-20,323.1037292480469,327.7242064226939,322.4750512555066,323.4530151026438,6510300
2025-11-21,327.3050842285156,330.39868059498417,323.6226751809159,324.71042849279974,8930000
2025-11-24,328.6223449707031,330.0494254219168,325.3291479858861,328.5624708767812,9337100
2025-11-25,333.8415832519531,335.36843350968144,328.22316412466176,328.22316412466176,5854300
2025-11-26,333.1031188964844,335.01915077050296,332.3746101630006,333.841586342223,4309900
2025-11-28,333.75177001953125,334.3305630576491,331.3167887740865,332.74383871779224,4586200
2025-12-01,329.7101135253906,332.6140983109483,329.4606279939679,332.25485376399234,7082300
2025-12-02,328.9416809082031,332.1151295810464,326.53663671382,330.7679320657214,8201900
2025-12-03,328.93170166015625,331.66608389546013,328.67225740707886,328.93170166015625,6296700
2025-12-04,326.4268798828125,331.69601316055844,323.61267574060867,330.5982707162828,6277500
2025-12-05,330.558349609375,333.4224387208775,325.7283132347316,326.15742105214764,5266600
2025-12-08,326.16741943359375,330.6581592570448,324.0417977110623,329.2011721972187,6059400
2025-12-09,325.828125,327.5545759522349,324.4010749776002,325.9378840225944,4325400
2025-12-10,325.0596923828125,328.0834557386547,324.63055413261685,325.9678233516992,5467500
2025-12-11,344.91876220703125,346.60528693573457,329.38079508046536,331.91557675720895,12953600
2025-12-12,347.11419677734375,349.1200701989689,345.25803903865176,347.28386033910544,6942300
2025-12-15,346.1761779785156,347.7329653453619,343.12244688455576,347.11421561078276,7004600
2025-12-16,344.3998107910156,346.904655405941,343.0126869986315,345.28799394865695,7269300
2025-12-17,343.7012634277344,347.07431280569114,342.9727546862657,344.8389016551313,7263500
2025-12-18,345.2979736328125,346.81483473957803,343.56153357971857,344.4597058800123,6805000
2025-12-19,348.5312805175781,349.18992596210575,345.3378535964944,345.3378535964944,18623900
2025-12-22,351.3654479980469,352.71267599172904,348.8705926226271,349.27975255876925,5043500
2025-12-23,352.6528015136719,355.6466279609035,351.2756364751809,351.2756364751809,3703200
2025-12-24,354.4091796875,355.2574061270487,352.28355809570263,352.6527918079347,2023600
2025-12-26,354.26947021484375,355.9959211320052,352.982116288697,354.3692705227613,2017000
2025-12-29,353.8802490234375,355.8162592189493,353.0719183232759,354.75844298281737,3989900
2025-12-30,352.8923034667969,354.1397311728781,351.9342875158643,353.27152636221,3366500
2025-12-31,349.98828125,354.46906219163503,349.9683333708139,352.9222335935573,3503200
